0.557266667	0.361352921	0.457739334	0.440599515	0.777589634	0.643775944	0.60597172	-0.296776257	-0.038930301	0.507728259	0.476149845	0.314694525	0.59400654	0.725869977	0.801543806	-1.620524219	-1.645902734	0.10423555	0.4905425	0.487072266	0.173090709	-0.546048928	0.566578525	-2.64184784	0.642874786
0.677366667	0.266999974	0.63570816	0.841745647	0.666337891	0.735045222	0.729947	-0.548962657	0.074273194	0.498750528	0.477697182	0.4833995	0.40299064	0.908628209	0.987295759	-1.711136621	-1.735845117	0.16292225	0.6182961	0.667992188	0.301313836	-0.385058594	0.892076375	-2.666285664	0.549350414
0.5894	0.30070591	0.729420929	0.105576372	0.602469309	0.6006139	0.69797388	-0.035554643	-0.000110633	0.465078831	0.31455164	0.5066796	0.408999385	0.89536635	0.97511063	-1.646558936	-1.671624854	0.11501505	0.5252056	0.741140136	0.217994769	-0.466764259	0.646152614	-2.633256824	0.657086664
0.57165	0.235294118	0.693803406	0.246638748	0.740498746	0.6541296	0.76598634	-0.184080057	-0.06301167	0.422212919	0.365582752	0.47624845	0.39400673	1.026869977	1.111110351	-1.633298584	-1.65812583	0.10986815	0.5078338	0.71634326	0.167943804	-0.489434815	0.602712425	-2.633065413	0.653513364
0.576716667	0.256882331	0.399630051	0.623539784	0.666916851	0.672390144	0.72795858	-0.2867993	-0.035901634	0.631829739	0.444696903	0.454917425	0.50300306	0.783986049	0.861481446	-1.636643506	-1.661823779	0.1143713	0.5135261	0.450720947	0.185940945	-0.50687561	0.618365746	-2.641636666	0.635014636
0.587716667	0.3950588	0.505206909	0.374476526	0.711910574	0.630096344	0.57195534	-0.304535929	0.009163973	0.505510489	0.471043873	0.34315425	0.58899915	0.694909459	0.768831194	-1.64474126	-1.670066406	0.12049865	0.5225025	0.528665527	0.217657065	-0.51098156	0.64608948	-2.649030165	0.623183964
0.5894	0.393705873	0.371156006	0.264271545	0.75332136	0.688646978	0.5639278	-0.424023657	0.017226429	0.587030093	0.536763382	0.303682575	0.65049714	0.62068471	0.692689871	-1.645972608	-1.671380274	0.1217921	0.5264513	0.404434082	0.222460118	-0.506579971	0.65296112	-2.653360633	0.609330993
0.644383333	0.395764688	0.559779816	0.773418559	0.572658343	0.624937889	0.57795754	-0.303116486	0.092190624	0.551871459	0.446452522	0.426280375	0.537492095	0.67769587	0.749911133	-1.686355908	-1.71188291	0.1476873	0.5734466	0.582378174	0.297803883	-0.43384285	0.79741033	-2.659180065	0.58647815
0.507366667	0.265647046	0.519376068	0.674234075	0.67901158	0.589664189	0.7240378	0.016517671	-0.104903685	0.533489863	0.323798752	0.45895565	0.473522005	0.858406529	0.939260324	-1.578451367	-1.603720557	0.0677843	0.4418545	0.561938232	0.113488191	-0.535130119	0.433805052	-2.613504484	0.705271057
0.553883333	0.462470616	0.700887146	0.198148556	0.75387486	0.563812667	0.4999589	-0.087165457	-0.01065793	0.369385084	0.388535404	0.35236615	0.54500407	0.743584543	0.819027483	-1.61734043	-1.642756592	0.0992973	0.4845105	0.697141112	0.191160392	-0.547075463	0.552945199	-2.635246793	0.662232671
0.737416667	0.272352948	0.450646286	0.081331276	0.664505789	0.850914667	0.7139503	-0.943779571	0.155272716	0.627990882	0.618465042	0.446520625	0.45798844	0.776979493	0.851127233	-1.750490723	-1.774883789	0.18613825	0.6812863	0.501525635	0.377737838	-0.120962143	1.065896902	-2.686664209	0.462823207
0.584333333	0.305411788	0.749570007	0.751377562	0.727746234	0.628520467	0.6879734	-0.162752657	-0.023552803	0.392719428	0.366538525	0.443866725	0.40500289	0.94657673	1.027739119	-1.642853027	-1.667805371	0.1160879	0.520473	0.757341796	0.19842794	-0.490450477	0.634809333	-2.637414977	0.645364557
0.613933333	0.337764684	0.410324707	0.339210932	0.575088937	0.639980778	0.6399404	-0.308527743	0.043743536	0.651836713	0.461588764	0.429250175	0.5884943	0.660160017	0.732959403	-1.664738037	-1.690087598	0.1330991	0.5518936	0.443880127	0.253133749	-0.475157929	0.716436656	-2.653301583	0.606102979
0.685816667	0.382294094	0.384203339	0.451620013	0.694286063	0.7815183	0.5819892	-0.775250843	0.127705638	0.624794642	0.622019196	0.3238811	0.61999297	0.615738281	0.68591755	-1.715858203	-1.740908789	0.1679231	0.6225787	0.416245117	0.335234388	-0.238113785	0.918538647	-2.67863229	0.513674057
0.5598	0.320941196	0.391325455	0.755785762	0.624316406	0.6223431	0.65598598	-0.1892563	-0.024325881	0.637790044	0.421459866	0.408814725	0.599010645	0.685575474	0.760332869	-1.622618799	-1.647957715	0.10416995	0.4949086	0.42639331	0.186032891	-0.528594589	0.571838474	-2.63740892	0.651583879
0.6723	0.344529432	0.511155396	0.337006833	0.747264229	0.750141756	0.63189974	-0.689564057	0.083735751	0.513452371	0.579545116	0.361168275	0.49697703	0.758864257	0.833068499	-1.707139014	-1.7320854	0.16131295	0.610333	0.5477854	0.301485983	-0.335812377	0.880220219	-2.673340965	0.5335803
0.6799	0.314176447	0.672463684	0.323782235	0.70397984	0.728161544	0.6759893	-0.5668679	0.089030366	0.453906854	0.495024967	0.432009875	0.41300452	0.874993583	0.952287389	-1.712564648	-1.737444141	0.16556275	0.6144606	0.695323244	0.310885731	-0.37015667	0.899063981	-2.668652923	0.544156293
0.595333333	0.405882331	0.764991455	0.687458673	0.608521206	0.5616563	0.57196012	-0.026028971	0.035410631	0.426564535	0.331113338	0.4516362	0.45699781	0.784424526	0.860280273	-1.65035669	-1.675624512	0.1186241	0.5295925	0.760395508	0.24191631	-0.485199546	0.660457773	-2.638547097	0.649227364
0.566566667	0.264294119	0.429283981	0.570641393	0.578701171	0.619187033	0.72397938	-0.130620643	-0.031776536	0.650371552	0.381380653	0.488251325	0.50000912	0.767621651	0.844670201	-1.628363574	-1.653573975	0.1066376	0.5030357	0.477720703	0.185868592	-0.502860641	0.588881339	-2.634342506	0.654507057
0.514133333	0.268999997	0.425684509	0.398721622	0.689348843	0.611828844	0.71403614	-0.078583243	-0.099155388	0.58734258	0.37271843	0.434355325	0.528026285	0.797340681	0.876446289	-1.58429668	-1.609689014	0.0758786	0.4491262	0.470296875	0.118938272	-0.547108078	0.452849717	-2.62031306	0.688738857
0.577566667	0.411941192	0.553826141	0.621335684	0.6158238	0.571787433	0.5579578	-0.106061829	0.020022324	0.518334071	0.395259666	0.3984003	0.581499695	0.675333706	0.748735073	-1.636375586	-1.661821728	0.11270535	0.5108021	0.571249756	0.222361008	-0.516501618	0.615852987	-2.640593055	0.645676207
0.547966667	0.424764689	0.423337631	0.187128058	0.591472517	0.5759985	0.53596606	-0.032640829	0.00854714	0.61904939	0.387509155	0.3757714	0.658001365	0.577687919	0.649000977	-1.61194043	-1.637608398	0.09476735	0.4810445	0.45297998	0.202599597	-0.542545509	0.537906276	-2.632016311	0.6669904
0.53275	0.343176449	0.687864532	0.733744765	0.603627929	0.548324733	0.64599266	0.131380929	-0.043138448	0.470944405	0.269719505	0.476267825	0.457016885	0.820554827	0.899196707	-1.600261035	-1.625361719	0.07856085	0.4661136	0.701490724	0.165762811	-0.507811927	0.495308345	-2.61545399	0.705743207
0.504833333	0.399117638	0.4517659	0.564029094	0.720950057	0.581399678	0.564047	-0.0221717	-0.064459836	0.531993548	0.383710289	0.324469675	0.6390298	0.663277483	0.738122907	-1.575078613	-1.600884424	0.06931315	0.4374527	0.47938501	0.136101192	-0.580253983	0.427410628	-2.620394369	0.692731514
0.7518	0.253470589	0.724670258	0.575049592	0.763045131	0.865330378	0.74795594	-0.930438343	0.152501706	0.427226226	0.576925755	0.449809325	0.381495715	0.999191127	1.07913072	-1.75996582	-1.784121582	0.18957745	0.6957166	0.738920412	0.383535574	-0.154163743	1.10633912	-2.685862008	0.456217729
0.558966667	0.244705874	0.646360168	0.740357064	0.712502091	0.6327918	0.75198284	-0.126364029	-0.068697145	0.45645682	0.354382038	0.477191675	0.40301031	0.974932757	1.057890904	-1.622876074	-1.647819385	0.10165465	0.4941039	0.67874878	0.158894034	-0.499430275	0.56869816	-2.629343204	0.66538065
0.537816667	0.341117635	0.404348221	0.211373154	0.622459543	0.5929206	0.63198318	-0.077112714	-0.037490191	0.622896035	0.391003036	0.40127325	0.61501658	0.669933873	0.744557477	-1.604061816	-1.629591358	0.0902076	0.4715614	0.437125976	0.168548469	-0.543853187	0.513032213	-2.629255563	0.671882236
0.56065	0.268352957	0.563324432	0.372272427	0.679675643	0.624738878	0.72197786	-0.142473457	-0.053900411	0.51273187	0.374157238	0.4647373	0.43800956	0.879605469	0.959726144	-1.6238396	-1.648921192	0.103711	0.495597	0.605043212	0.168559868	-0.508900643	0.573224813	-2.632255073	0.659429979
0.5522	0.468588212	0.541950073	0.23782235	0.682089494	0.568323078	0.48796644	-0.083306486	0.006930798	0.484812101	0.405856895	0.346393775	0.63400781	0.630294224	0.702757394	-1.615577881	-1.641179199	0.09821845	0.4838579	0.557674805	0.201996285	-0.549588966	0.549032508	-2.635902401	0.660810671
0.5911	0.380235279	0.477910156	0.630152083	0.677256557	0.631358633	0.58995952	-0.299690071	0.014284578	0.542478244	0.465560627	0.364000975	0.591498375	0.684498744	0.758157646	-1.647449951	-1.672765039	0.1221497	0.5264901	0.504369629	0.222896665	-0.505878639	0.655122335	-2.649200726	0.621796879
0.53105	0.256176444	0.481441345	0.184923959	0.640099051	0.603650422	0.73400488	-0.046880386	-0.080070611	0.580271244	0.347043419	0.47769535	0.47801918	0.834775809	0.914507254	-1.599030859	-1.624232568	0.08442295	0.4660063	0.528051514	0.139570693	-0.52238388	0.495408492	-2.622113524	0.685552986
0.508216667	0.345176472	0.608358154	0.456028212	0.74286342	0.572537789	0.63402048	0.0134029	-0.088694169	0.437902768	0.337159729	0.386291625	0.49452579	0.825822824	0.905193499	-1.578881641	-1.60426958	0.069188	0.4409932	0.63238672	0.123064379	-0.556772995	0.435208685	-2.616406446	0.70170755
0.556416667	0.461176479	0.598912354	0.17390346	0.610330289	0.536701822	0.49997082	0.015666171	0.017711101	0.486919085	0.356302452	0.400687625	0.604504705	0.646541853	0.719319754	-1.619070752	-1.644602539	0.09830785	0.4880779	0.60719922	0.212292286	-0.535371209	0.5580966	-2.63258694	0.669392043
0.593633333	0.270352925	0.474354019	0.810888252	0.711327429	0.678964533	0.7139503	-0.373598986	-0.023307654	0.553349813	0.465787601	0.424259775	0.476000965	0.830249163	0.908407646	-1.650162109	-1.675173193	0.124066	0.5318545	0.520933106	0.200485022	-0.49636879	0.663779546	-2.648212876	0.618407079
0.586866667	0.397764711	0.373530502	0.226801851	0.668759069	0.652960022	0.56193462	-0.304136586	0.028503585	0.625093301	0.491046047	0.3299712	0.653995335	0.595394671	0.666692801	-1.643521728	-1.669086377	0.1198728	0.5217098	0.406584717	0.230014661	-0.511566734	0.644410451	-2.649367823	0.62061075
0.515833333	0.356647043	0.717495728	0.495702006	0.681445311	0.550858922	0.6280159	0.118073771	-0.068211006	0.415079435	0.279458904	0.435206175	0.458024205	0.847073381	0.926749163	-1.585703711	-1.610881836	0.06959925	0.4483156	0.72479248	0.141310352	-0.53017807	0.452202466	-2.612260778	0.712564964
0.715433333	0.402470589	0.690272369	0.365660128	0.705858677	0.740933833	0.57193508	-0.678579771	0.157667313	0.435948849	0.546517181	0.389516225	0.45548415	0.770687919	0.844097796	-1.735530225	-1.760380469	0.1770605	0.6550335	0.70184424	0.369335548	-0.211301041	0.998349281	-2.67963151	0.5026621
0.648616667	0.415294142	0.778044891	0.23341415	0.720266114	0.645538578	0.56017628	-0.358731029	0.080151446	0.373974005	0.448052406	0.39690275	0.44104433	0.813709821	0.889299107	-1.690535986	-1.715539502	0.1525928	0.5898856	0.772858888	0.291157277	-0.426137924	0.808704876	-2.660251396	0.581247843
0.675666667	0.391705906	0.544389496	0.515538902	0.685829729	0.710147033	0.57791462	-0.596044371	0.112832209	0.512663046	0.548099041	0.3651439	0.52997625	0.704246791	0.776777344	-1.709237646	-1.734113721	0.16074075	0.6236427	0.570679199	0.322371907	-0.334890175	0.886986421	-2.672791824	0.537925907
0.564033333	0.430117663	0.763798828	0.160678863	0.672999443	0.545124956	0.54196826	0.008196014	0.000531001	0.386401335	0.333048534	0.412057225	0.48200345	0.781171596	0.857449637	-1.625739404	-1.651011719	0.1016636	0.4961603	0.755576172	0.204890966	-0.520466422	0.57768406	-2.631828221	0.669853129
0.52175	0.404529404	0.584648438	0.546396297	0.685098006	0.550933756	0.5660223	0.021467414	-0.048093866	0.464648406	0.346584892	0.372624275	0.5735234	0.723636997	0.799600726	-1.590354492	-1.615850049	0.0781764	0.4537933	0.598983642	0.154733314	-0.558807564	0.469085144	-2.622098376	0.692283629
0.613083333	0.260235282	0.439958496	0.191536257	0.584798757	0.662102378	0.72996368	-0.312937629	0.013030624	0.646207491	0.437093925	0.49709965	0.482002555	0.779390486	0.855819476	-1.664798096	-1.68991748	0.13286065	0.5526446	0.489100586	0.234097069	-0.468771363	0.71476246	-2.650000092	0.610388129
0.69175	0.254823516	0.636896515	0.480273308	0.670615931	0.763494522	0.74394098	-0.628782643	0.085880741	0.50218614	0.492503166	0.49221355	0.398988485	0.926067523	1.005104911	-1.721182226	-1.745708936	0.1687367	0.6346993	0.669283936	0.315046153	-0.35887394	0.933064685	-2.67003474	0.532727529
0.614783333	0.287882356	0.520621033	0.709499669	0.78244594	0.7120673	0.69398156	-0.512744329	-0.00572854	0.490998904	0.513282299	0.38851785	0.46200609	0.8561589	0.934370117	-1.666417041	-1.691373535	0.1369734	0.5522512	0.562691894	0.219636141	-0.47239933	0.722033489	-2.656766853	0.593016779
0.663833333	0.339823555	0.766174774	0.559620895	0.621919294	0.657108833	0.6519734	-0.310951943	0.089125418	0.441543261	0.403815842	0.48117625	0.40849751	0.863586356	0.940750419	-1.700978564	-1.726086182	0.1562555	0.598573	0.7683584	0.306270043	-0.409275818	0.850216364	-2.658428102	0.578079857
0.694283333	0.258882354	0.403212433	0.753581662	0.663931711	0.812190856	0.72791566	-0.788308514	0.095658966	0.656485399	0.582438374	0.45296835	0.47947681	0.770297293	0.845254324	-1.722523926	-1.74714331	0.17067385	0.6369405	0.45586206	0.32038761	-0.315765952	0.943148285	-2.676416166	0.511830571
0.747566667	0.251470566	0.757898254	0.403129821	0.700398994	0.835877733	0.7539617	-0.814807043	0.155472267	0.440833728	0.524147987	0.49314785	0.37948972	0.997928711	1.078118024	-1.757679199	-1.781791602	0.1881678	0.6969117	0.764582032	0.385317789	-0.23549366	1.092402773	-2.681730316	0.472012114
0.6097	0.322941163	0.743643646	0.777826758	0.651727469	0.621731489	0.66996326	-0.160632443	0.020178286	0.431536198	0.363013744	0.476424275	0.4119972	0.890118861	0.969091379	-1.662081006	-1.687148877	0.12873305	0.5471818	0.751239748	0.238374652	-0.465554237	0.701793222	-2.64309845	0.629065664
0.516666667	0.433529405	0.751908264	0.248842848	0.598757674	0.504358356	0.53800334	0.229089129	-0.02945679	0.42895333	0.239285851	0.45021015	0.500517845	0.744545201	0.820891183	-1.586024756	-1.611210547	0.0659187	0.4488103	0.74515576	0.167628828	-0.527973175	0.451438783	-2.60968701	0.722962993
0.529366667	0.429470567	0.65581665	0.729336566	0.586591449	0.514953089	0.5419921	0.144286186	-0.019855241	0.475168546	0.284858608	0.43370415	0.55301434	0.700639509	0.775567523	-1.596797705	-1.622143701	0.0777234	0.4608892	0.660058348	0.178184679	-0.534825706	0.485861683	-2.618352973	0.704227121
0.548816667	0.426117672	0.768527222	0.694070972	0.735612794	0.554019289	0.54597488	-0.005000457	-0.024741249	0.355043888	0.343228912	0.386109825	0.479507505	0.809456473	0.88688909	-1.613368652	-1.638660058	0.09372725	0.4796796	0.759797852	0.18133198	-0.537584114	0.53847842	-2.628847419	0.676702121
0.5319	0.262235305	0.664122925	0.169495261	0.6735655	0.593380878	0.73598732	0.032404014	-0.081039211	0.461636225	0.298581791	0.486147275	0.41201478	0.945217216	1.027881139	-1.599990186	-1.625002051	0.0818182	0.4656039	0.691402832	0.140492004	-0.503528214	0.495761839	-2.617106898	0.697751507
0.646916667	0.43958821	0.73653595	0.786643156	0.680300294	0.620880144	0.52995554	-0.312361171	0.090894453	0.402555466	0.447614288	0.402989875	0.479492605	0.754469727	0.828339704	-1.688578662	-1.713943213	0.14912675	0.5797707	0.734261232	0.297321323	-0.427250863	0.803840732	-2.660081686	0.5841144
0.586033333	0.381588263	0.686688385	0.837337448	0.709486257	0.604417011	0.59597006	-0.178616014	0.001719503	0.415485382	0.395619869	0.3982811	0.47150171	0.810353237	0.887307757	-1.643548047	-1.668712451	0.11781645	0.5206697	0.697288576	0.213927008	-0.505831719	0.638979409	-2.642252827	0.63842445
0.6317	0.335764716	0.44827919	0.619131585	0.581783274	0.656110789	0.64195504	-0.367696429	0.060394524	0.626985232	0.469185162	0.43046015	0.553993345	0.686212054	0.759327986	-1.677572119	-1.703008301	0.14281465	0.5617492	0.48319751	0.271561376	-0.451451874	0.765009092	-2.657708328	0.590813536
0.738266667	0.42876468	0.533694611	0.325986335	0.577477329	0.734853489	0.53800096	-0.695591786	0.217366522	0.578265031	0.574625111	0.403024125	0.56350684	0.618466519	0.687503349	-1.749095752	-1.774117774	0.1839001	0.6833785	0.555351562	0.418160053	-0.045514679	1.062461226	-2.685601564	0.477582593
0.70105	0.290588211	0.375928421	0.475865109	0.68638602	0.831183544	0.68996062	-0.866570271	0.114784041	0.660811424	0.619577789	0.4126622	0.527492225	0.713356027	0.786501534	-1.727006641	-1.751634619	0.1745422	0.6420933	0.421740723	0.334720887	-0.251786232	0.962992591	-2.680253569	0.498005271
0.54965	0.416647069	0.767359009	0.387701124	0.722241211	0.5561581	0.55798044	-0.000892843	-0.024870255	0.36385568	0.335840321	0.393670675	0.473510085	0.814694336	0.89230957	-1.614160254	-1.639396826	0.09392395	0.4810028	0.759745116	0.181935763	-0.533102608	0.540539598	-2.628134829	0.6780841
0.61985	0.434882332	0.715144806	0.193740357	0.604215611	0.573549744	0.53603044	-0.137151614	0.070710609	0.446373145	0.382152653	0.437633575	0.49151367	0.726848911	0.800458007	-1.668515723	-1.694020068	0.13593925	0.5496614	0.716217284	0.274086774	-0.468873405	0.727731419	-2.649278213	0.618338536
0.58095	0.235941158	0.515869751	0.548600397	0.731376606	0.679716211	0.7539629	-0.320844614	-0.050403515	0.525771141	0.435519409	0.455114125	0.42449957	0.913671177	0.994552874	-1.640551318	-1.665463135	0.1168598	0.5190693	0.568007568	0.178383417	-0.50048008	0.629720689	-2.642043669	0.632896543
0.69005	0.385647045	0.731770477	0.799867754	0.617649274	0.671239444	0.59596886	-0.415946386	0.133659649	0.456555526	0.451175785	0.4517554	0.430997075	0.78600558	0.860338449	-1.718507422	-1.74365	0.1675476	0.6249212	0.739305664	0.345273315	-0.35979557	0.923765976	-2.66790121	0.546887464
0.538666667	0.4537059	0.537202759	0.793255455	0.6535083	0.552710644	0.50598374	-0.007906614	-0.007416904	0.502280712	0.374319267	0.361537825	0.63051051	0.634388253	0.707299247	-1.604339746	-1.629968066	0.0896175	0.470423	0.553835205	0.187731083	-0.555274773	0.512887034	-2.629433156	0.675498536
0.523433333	0.373529434	0.464836349	0.70729557	0.582914691	0.553071244	0.60001722	0.053739071	-0.036431319	0.595482508	0.335012722	0.412642825	0.614019095	0.657412807	0.731720284	-1.591537988	-1.61707627	0.0774164	0.4568868	0.491580566	0.164153066	-0.5461689	0.473322927	-2.620902771	0.694192679
0.628316667	0.422058835	0.73531311	0.405333921	0.7788637	0.6485612	0.54796806	-0.382180357	0.04775045	0.361053626	0.471625805	0.357110675	0.46949631	0.806402204	0.882112444	-1.675565478	-1.700781006	0.14043345	0.561937	0.735005372	0.260050654	-0.452186394	0.754766461	-2.657940233	0.592536536
0.693433333	0.445647071	0.630964966	0.427374917	0.641390903	0.680202322	0.51994672	-0.527493914	0.152925264	0.480536461	0.52014637	0.396074225	0.52298701	0.677062221	0.748155273	-1.720302734	-1.745586524	0.1690794	0.6258242	0.643868652	0.356757288	-0.291287995	0.934738339	-2.674329166	0.530352714
0.533583333	0.431470591	0.413839798	0.625743884	0.630980749	0.582686811	0.52798976	-0.029641871	-0.006793433	0.605935892	0.390632343	0.355541575	0.664511085	0.576282366	0.647819476	-1.599904199	-1.625680469	0.08731375	0.4665934	0.445260254	0.186228695	-0.556632233	0.500891662	-2.628418301	0.675214564
0.732333333	0.310823553	0.772136536	0.268679744	0.750270649	0.800181844	0.6839024	-0.774503229	0.146615701	0.396223227	0.542472267	0.43116945	0.39347416	0.939855329	1.018115094	-1.747473535	-1.771850488	0.18321465	0.6788068	0.773223632	0.371022539	-0.225709534	1.048045244	-2.680989571	0.484802843
0.647766667	0.246058801	0.589443512	0.328190434	0.730802177	0.732243467	0.74793926	-0.534707786	0.02371564	0.489778996	0.492096138	0.458091375	0.40449089	0.93882673	1.018885881	-1.690531592	-1.715415283	0.1510252	0.5832307	0.630914552	0.254685425	-0.427552224	0.811656144	-2.66117455	0.570913671
0.73995	0.388999995	0.570475922	0.301741239	0.671202566	0.785929711	0.58392038	-0.816858286	0.193704261	0.522611141	0.60144577	0.3854974	0.49297905	0.706972656	0.778341936	-1.75074956	-1.775626953	0.1851697	0.679078	0.597983642	0.402927343	0.013760566	1.069670772	-2.686997927	0.468064157
0.735716667	0.337117644	0.434059677	0.262067445	0.688177317	0.848001989	0.63800444	-0.966132157	0.172992482	0.613154729	0.64913559	0.375255825	0.52900052	0.690406669	0.761816546	-1.748521045	-1.773236133	0.18558395	0.6728076	0.473228272	0.386932592	0.064053535	1.060414327	-2.688653129	0.459817429
0.7797	0.299352926	0.486269989	0.407538021	0.603114189	0.869845767	0.68792096	-0.997005671	0.228428235	0.641560872	0.622491264	0.461974625	0.45697725	0.737602539	0.809719309	-1.775347412	-1.799812012	0.19631575	0.7239215	0.53184082	0.444553637	0.204631615	1.186288728	-2.693796249	0.420632907
0.525983333	0.446294111	0.608369141	0.742561164	0.722792271	0.551089067	0.51603188	-0.011452229	-0.036665785	0.427686056	0.368382359	0.346574075	0.59502101	0.703178431	0.778281947	-1.593804102	-1.619378613	0.0823487	0.457301	0.616203612	0.163008984	-0.567203712	0.480190349	-2.625946318	0.684185914
0.657916667	0.469235308	0.577571564	0.475865109	0.71375	0.673741844	0.48594942	-0.5246031	0.110913829	0.46253252	0.542414093	0.336483	0.59199071	0.651134626	0.722106306	-1.696124609	-1.721506787	0.15591275	0.5889319	0.58972876	0.312580522	-0.355815888	0.837233618	-2.669709521	0.555659564
0.588566667	0.42000002	0.372348862	0.500110205	0.701578194	0.667649589	0.53595176	-0.345936471	0.034502738	0.610123793	0.510067368	0.3060906	0.662994145	0.5786024	0.649264509	-1.644943652	-1.67050498	0.121348	0.5236261	0.406173096	0.234012041	-0.50917511	0.649443089	-2.651128719	0.615712521
0.597866667	0.302058837	0.710438232	0.429579017	0.662662877	0.625197833	0.69392314	-0.159736671	-0.00076496	0.443340302	0.363164997	0.46886195	0.4110018	0.906023437	0.985805524	-1.653306982	-1.678319434	0.12325835	0.5348943	0.726052736	0.219623841	-0.475188827	0.670627097	-2.640301987	0.63717445
0.603783333	0.350588238	0.386576233	0.478069209	0.642604283	0.661549056	0.61992994	-0.365509786	0.029440795	0.632659753	0.492819977	0.378656275	0.614492355	0.64999707	0.722727539	-1.65712627	-1.6824646	0.12893865	0.5412363	0.419652344	0.238313333	-0.488807106	0.690312207	-2.653419708	0.607273786
0.5505	0.407235314	0.627370758	0.11880097	0.704621931	0.570263878	0.56397548	-0.069748129	-0.024123395	0.435774485	0.377053356	0.374244025	0.535506965	0.749234376	0.825207031	-1.61472749	-1.640090772	0.0969876	0.4824095	0.639776124	0.18189438	-0.541252709	0.544408219	-2.632372233	0.6665902
0.673133333	0.308117642	0.754359589	0.678642275	0.776484026	0.733382256	0.68589678	-0.571213929	0.068263039	0.379832427	0.496375847	0.41206915	0.397474525	0.954320731	1.033905971	-1.708342188	-1.733026367	0.1600642	0.6155216	0.760055176	0.29416425	-0.383322906	0.8803804	-2.667158961	0.549079214
0.762783333	0.248117671	0.462520065	0.555212696	0.655982143	0.896062533	0.74395408	-1.041647843	0.181918224	0.64062357	0.628964996	0.47391195	0.423488675	0.809840541	0.884557339	-1.7662771	-1.790471631	0.1938541	0.708028	0.519033692	0.406797937	-0.003794861	1.139461869	-2.691061704	0.433853643
0.596166667	0.466529398	0.670089569	0.579457791	0.752662529	0.600516878	0.49195042	-0.256538014	0.034391574	0.386737823	0.453815937	0.339683775	0.553497135	0.720886579	0.794834821	-1.650990478	-1.676378711	0.12419115	0.5296402	0.671014648	0.237372838	-0.501040078	0.666772883	-2.650502247	0.621036921
0.655383333	0.333705902	0.396113663	0.083535376	0.671654226	0.735454178	0.6401669	-0.626945114	0.075813429	0.62449948	0.564473438	0.37430365	0.58003551	0.678954939	0.751671596	-1.695508496	-1.720418555	0.1568128	0.5993627	0.431785644	0.289611439	-0.390041924	0.833093816	-2.669296281	0.550968679
0.54035	0.244058834	0.562137146	0.652193079	0.606081194	0.598819467	0.75396766	0.016467429	-0.069944311	0.556212266	0.307411671	0.518290575	0.425008895	0.887954939	0.968973214	-1.607071582	-1.63210293	0.08633625	0.4754536	0.607269532	0.151655652	-0.49440937	0.518190664	-2.620022246	0.690495064
0.626616667	0.42811764	0.568074341	0.760193961	0.69794852	0.641439111	0.5359446	-0.389309071	0.063579375	0.474981626	0.494508457	0.35257625	0.5704937	0.687746094	0.76045173	-1.673832422	-1.699215088	0.1405169	0.5601935	0.584274658	0.269289454	-0.45045929	0.750540112	-2.659785505	0.590081671
0.783083333	0.314823544	0.762616882	0.204760855	0.618174526	0.813370356	0.68204274	-0.7971513	0.232497039	0.474348863	0.528911304	0.491319475	0.395014645	0.875980609	0.951779994	-1.777525244	-1.802079248	0.2004136	0.7184677	0.765507812	0.451167396	-0.086499596	1.192839493	-2.688405589	0.438432986
0.54205	0.295294145	0.628560181	0.46925281	0.579921177	0.569680078	0.7000195	0.084272829	-0.045584759	0.523559888	0.281341076	0.50462025	0.43851292	0.843496931	0.922862584	-1.608260449	-1.633299951	0.08498025	0.476604	0.65822754	0.168443663	-0.495118523	0.520570953	-2.618543868	0.696701614
0.5725	0.287235316	0.606002197	0.817500551	0.64988316	0.615728311	0.70596686	-0.121457714	-0.031722145	0.502450466	0.360801506	0.471049425	0.43200439	0.866352819	0.945669084	-1.633332275	-1.658406738	0.10932575	0.5076103	0.640712648	0.188479867	-0.496771813	0.60352552	-2.634090885	0.655435614
0.568266667	0.277764713	0.783961639	0.460436412	0.725910994	0.622747089	0.72197904	-0.087232729	-0.048933926	0.381026586	0.330453396	0.464159125	0.395504295	1.004820731	1.088215263	-1.6302875	-1.655171924	0.1053084	0.5032234	0.78405664	0.176114682	-0.489323235	0.591587676	-2.629476083	0.665860043
0.708666667	0.334411789	0.638058624	0.438395415	0.635245886	0.735055822	0.65202346	-0.605781214	0.141690386	0.508077145	0.507229137	0.452029575	0.426507355	0.802453543	0.877257813	-1.731591455	-1.75639292	0.17458095	0.6488316	0.666291504	0.357966857	-0.30782032	0.9786578	-2.67507079	0.51611955
0.674833333	0.46452943	0.594185333	0.182719859	0.60975586	0.6424908	0.49394836	-0.423242843	0.145552235	0.504722913	0.502548313	0.394008925	0.57649052	0.632952707	0.703168946	-1.707406738	-1.732848828	0.1604874	0.6094985	0.605560548	0.344050358	-0.348758889	0.881719428	-2.670042744	0.550916743
0.724733333	0.370823524	0.579963684	0.114392771	0.744820731	0.810923256	0.60391894	-0.885785957	0.155559649	0.485109011	0.613589478	0.35735805	0.477978945	0.756509766	0.829558873	-1.742072266	-1.766602588	0.18052055	0.6699674	0.608253908	0.370758037	-0.055826569	1.027754497	-2.685272922	0.477620057
0.64015	0.285882333	0.600155945	0.58607009	0.612244349	0.668090667	0.70988408	-0.3352715	0.045699264	0.53417174	0.423919392	0.49385715	0.42247212	0.846801619	0.924254743	-1.684661279	-1.709701025	0.14412595	0.5784534	0.636499756	0.26740571	-0.437819481	0.787215976	-2.654786693	0.592100571
0.575883333	0.320235308	0.560947876	0.746969363	0.582362583	0.591532133	0.6659781	-0.080121043	-0.006524994	0.553932508	0.354434967	0.47229815	0.483504295	0.774671736	0.85127009	-1.63551123	-1.66069209	0.11020495	0.5113744	0.593662109	0.206390504	-0.497956276	0.61136587	-2.635267863	0.655296393
0.506516667	0.307411755	0.528871155	0.229005951	0.723998674	0.588659522	0.6740271	-0.016013686	-0.097921011	0.497883956	0.347447777	0.40483015	0.500027	0.821999441	0.901588727	-1.57745332	-1.60284541	0.0689287	0.4402124	0.565743408	0.116500993	-0.554159165	0.431821222	-2.616403802	0.699791264
0.544583333	0.387000028	0.607196808	0.251046947	0.579345703	0.5409225	0.58997264	0.077624357	-0.01492989	0.513388952	0.309558582	0.444182625	0.53050643	0.719614119	0.79499135	-1.609716211	-1.635008008	0.0880469	0.4776143	0.624395996	0.187745585	-0.523394013	0.52660447	-2.624106203	0.688342486
0.606316667	0.252823549	0.461318359	0.797663654	0.611572614	0.662606367	0.73796144	-0.305639471	-0.001260356	0.617819786	0.432992172	0.490935025	0.466501475	0.813254464	0.890780971	-1.659710693	-1.68479126	0.1295109	0.5454891	0.511044922	0.221843101	-0.475289345	0.696561727	-2.648096635	0.616029279
0.698516667	0.292588234	0.649954071	0.41194622	0.777028809	0.787994011	0.69795122	-0.757743257	0.093173248	0.438555241	0.561098957	0.409810125	0.405489265	0.91368471	0.991819476	-1.725721533	-1.750200586	0.17199705	0.643944	0.678418944	0.320383553	-0.303138161	0.953659313	-2.676303197	0.512300593
0.55135	0.450352949	0.445874023	0.418558519	0.760553503	0.622707689	0.50196996	-0.211001771	-0.003812956	0.516019662	0.470884418	0.284016025	0.659005405	0.613739257	0.685937919	-1.614850195	-1.64057915	0.10008405	0.4826777	0.473856445	0.193236963	-0.55618515	0.549606827	-2.640078878	0.649017043
0.787316667	0.283823518	0.750777893	0.473661009	0.633480051	0.8467781	0.71995488	-0.863739043	0.227517443	0.480092367	0.539355087	0.5057885	0.3869859	0.915858259	0.99295438	-1.780629297	-1.804902197	0.19931985	0.7303231	0.757590332	0.450047069	-0.083494949	1.206578782	-2.689328099	0.430008293
0.64185	0.372823547	0.59655365	0.222393652	0.699135046	0.670796044	0.60197344	-0.441326886	0.062901003	0.474830628	0.490075397	0.3838985	0.489500225	0.763556083	0.838211217	-1.685345703	-1.710554199	0.14845325	0.5755596	0.621240724	0.276224407	-0.430480385	0.792826088	-2.661765959	0.578130943
0.619016667	0.371470564	0.613135223	0.839541547	0.637699497	0.621507978	0.6079804	-0.258165229	0.046556046	0.491331895	0.425119972	0.421510525	0.48800355	0.756618861	0.831461496	-1.668430859	-1.693854248	0.1365621	0.5485945	0.634980712	0.257430794	-0.468926811	0.72855133	-2.651689401	0.609567286
0.643533333	0.426764712	0.658262177	0.076923077	0.748444823	0.665579322	0.5399262	-0.454617871	0.073167809	0.412061373	0.503478527	0.354285425	0.498482945	0.75044601	0.824444336	-1.686686914	-1.711756104	0.14715085	0.5850457	0.67052368	0.282699842	-0.418441391	0.79691779	-2.663638307	0.574135729
0.687516667	0.354647075	0.737700195	0.82411285	0.70084682	0.711260644	0.63009014	-0.526708843	0.10959552	0.41880401	0.484951115	0.425460825	0.415535035	0.854573103	0.93094029	-1.717384228	-1.742385352	0.1702298	0.6197535	0.7457041	0.327552819	-0.354730034	0.918825398	-2.669558685	0.540420786
0.605483333	0.351941165	0.603674774	0.442803615	0.783677106	0.6682208	0.62597622	-0.407844414	0.001859613	0.429985841	0.482965088	0.3546043	0.47800219	0.822930106	0.900000837	-1.659137598	-1.684188623	0.13066425	0.5423419	0.628998292	0.220503673	-0.48647232	0.694868857	-2.653321411	0.606712221
0.684983333	0.275058802	0.661812286	0.125413269	0.77032994	0.774256467	0.71996918	-0.695734843	0.071261989	0.435540517	0.534009171	0.427515675	0.39949304	0.946401227	1.02580413	-1.716834814	-1.741323682	0.16678165	0.629925	0.688619384	0.300860393	-0.35282402	0.915368759	-2.671968959	0.529694507
0.6706	0.421352948	0.77450882	0.422966718	0.601862094	0.621179822	0.55394402	-0.274289129	0.124277011	0.433923244	0.413024426	0.454331825	0.445487855	0.763086914	0.836909459	-1.704998193	-1.730279443	0.1574714	0.6070249	0.769547364	0.331071904	-0.398181725	0.867371451	-2.661731496	0.572126629
0.618166667	0.365411758	0.653495636	0.557416795	0.584803291	0.601982156	0.61796418	-0.161681486	0.051673654	0.499595006	0.379447842	0.464582325	0.46849644	0.76732659	0.842555106	-1.667813525	-1.693065918	0.1331676	0.5555056	0.671012208	0.261830047	-0.465259934	0.724092786	-2.647589812	0.619139793
0.63	0.358000026	0.630952606	0.11659687	0.625574777	0.630005944	0.62595596	-0.275146586	0.055623673	0.492533525	0.422516632	0.441582375	0.46849555	0.777480887	0.852755161	-1.676553467	-1.701929932	0.1413543	0.5597912	0.652392332	0.268423366	-0.45446434	0.758318962	-2.653639295	0.601568764
0.7814	0.277117673	0.674864807	0.698479171	0.598235211	0.833098833	0.72393646	-0.843568843	0.221792991	0.534313838	0.542551136	0.51355945	0.39648211	0.875024971	0.951117606	-1.77687002	-1.801262695	0.19753765	0.7227026	0.698128416	0.443532	-0.098074723	1.189342414	-2.688748321	0.436241236
0.52005	0.465882358	0.699701691	0.535375799	0.693619909	0.520213856	0.4960226	0.091262743	-0.031750079	0.393663883	0.318136024	0.381234175	0.56452042	0.720215541	0.795724889	-1.588696631	-1.614166992	0.07476105	0.4509978	0.693653564	0.164820848	-0.561799621	0.462780627	-2.61991837	0.700900757
0.51075	0.265647046	0.660559082	0.489089707	0.716078054	0.590137722	0.73003164	0.050081043	-0.107672361	0.441360156	0.294555473	0.4644348	0.416026475	0.953790876	1.037151367	-1.581710742	-1.6067896	0.06885125	0.4441016	0.688536132	0.113876945	-0.519588089	0.441460305	-2.611043235	0.710734671
0.6021	0.335058829	0.575196686	0.35463963	0.617042411	0.614997822	0.6499683	-0.202946629	0.02151392	0.526649634	0.402450275	0.44808675	0.481998085	0.774343191	0.85026409	-1.65608335	-1.681297852	0.12633695	0.5383216	0.604993164	0.234697534	-0.483620262	0.682668524	-2.645696686	0.626000286
0.5708	0.257529427	0.704485626	0.731540666	0.595746371	0.603237822	0.74598422	0.012118857	-0.032154073	0.485986233	0.291099358	0.536358225	0.40200567	0.942952427	1.024787947	-1.632065234	-1.657023828	0.1032312	0.5065732	0.723278808	0.190112131	-0.46446991	0.596872177	-2.625772553	0.675601564
0.526816667	0.405176443	0.678342896	0.385497024	0.783024903	0.572499056	0.56600204	-0.041598557	-0.059583175	0.376958688	0.364698792	0.347274425	0.50201869	0.804064453	0.882034877	-1.594911182	-1.620322754	0.0830878	0.4583322	0.687468016	0.148574485	-0.560725402	0.482899869	-2.624964345	0.6839509
0.673983333	0.297999999	0.781584015	0.561824994	0.690015694	0.709580467	0.70197812	-0.443915429	0.07901582	0.410075982	0.438634777	0.469964625	0.394003155	0.950603934	1.030279436	-1.708591553	-1.733505713	0.1620848	0.6084107	0.780697752	0.303645693	-0.39351387	0.880861257	-2.662381463	0.561187471
0.5429	0.342470562	0.626170807	0.284108442	0.676629814	0.576439244	0.6399869	-0.023016386	-0.046398156	0.462652365	0.342135048	0.42346705	0.47900802	0.816771344	0.895093471	-1.608695312	-1.633900928	0.09057115	0.4755669	0.64840454	0.165664758	-0.529265785	0.524341916	-2.62622801	0.6800468
0.536966667	0.304764692	0.595332794	0.158474763	0.607290389	0.5685307	0.68598738	0.0536454	-0.051864574	0.521151225	0.30485096	0.479553525	0.465011655	0.823648159	0.902524414	-1.603858887	-1.629010352	0.08419645	0.4706733	0.6258584	0.161288373	-0.511472703	0.508154562	-2.620250429	0.693768636
0.516666667	0.358647066	0.494491119	0.396517523	0.658313337	0.566255133	0.61602106	0.002875029	-0.062167743	0.537832101	0.352048969	0.392956925	0.585523605	0.716798689	0.793003627	-1.586040869	-1.611542627	0.0757028	0.4500412	0.520909424	0.143820964	-0.556125069	0.457017839	-2.620663969	0.693480407
0.772083333	0.301352949	0.676060028	0.090147675	0.727175294	0.877350644	0.69191208	-1.009801086	0.198823531	0.467353662	0.605172539	0.431322925	0.400482475	0.885881139	0.961963867	-1.771819287	-1.795962451	0.19523095	0.7210277	0.698220704	0.421655153	0.094537735	1.164283221	-2.691695904	0.429951664
0.682433333	0.295999976	0.782753906	0.297333039	0.654060757	0.7061277	0.70605388	-0.427361529	0.093819574	0.42821153	0.42879734	0.4934727	0.393522145	0.940665319	1.020017439	-1.714347558	-1.739179443	0.1661558	0.6219767	0.781558592	0.317573423	-0.382705116	0.90361107	-2.663202762	0.556455714
0.702733333	0.240705883	0.702093658	0.171699361	0.703357631	0.781305711	0.76402774	-0.6567253	0.093159411	0.45590655	0.496920967	0.488336275	0.384514985	0.995023996	1.075859096	-1.728613476	-1.753149219	0.1752217	0.6418936	0.722012696	0.324890139	-0.341375732	0.964469686	-2.671873584	0.521893107
0.523433333	0.408588241	0.7032724	0.727132466	0.659566129	0.531303633	0.56599608	0.1191705	-0.042426589	0.422026475	0.292425823	0.416830075	0.49901879	0.771230329	0.848301757	-1.591889356	-1.617198828	0.0749935	0.4552983	0.707234376	0.160671488	-0.538911629	0.471280289	-2.616969252	0.705386857
0.6613	0.379588239	0.469649277	0.290720741	0.648725934	0.697982722	0.58989516	-0.5496677	0.097201709	0.574838162	0.539796638	0.374509275	0.57647383	0.66501716	0.736865374	-1.699137109	-1.724273438	0.1551409	0.60037	0.498391113	0.306299852	-0.377771569	0.847683481	-2.66932685	0.552095636
0.61055	0.302705877	0.623819733	0.517743002	0.723404714	0.665751844	0.68608036	-0.340871771	0.00187414	0.458896001	0.440547562	0.4265322	0.42652136	0.878429827	0.9571536	-1.663152881	-1.688152588	0.13298285	0.548368	0.655496336	0.224614858	-0.476130295	0.70737566	-2.650178051	0.610840271
0.717116667	0.326294114	0.612010956	0.616927485	0.57155378	0.7231978	0.66185226	-0.556896886	0.160129061	0.556631724	0.492550945	0.481565175	0.430953265	0.776851841	0.850996094	-1.736887695	-1.761569141	0.17243515	0.6718718	0.644631348	0.374618183	-0.302626229	1.00185405	-2.675382254	0.512734007
0.66975	0.300000022	0.411503143	0.29292484	0.632269111	0.742337189	0.68195334	-0.628761357	0.085419926	0.64555184	0.546847725	0.4280253	0.52099204	0.716633789	0.790177037	-1.705383887	-1.730394775	0.1612444	0.6054871	0.455724121	0.303150143	-0.374463654	0.87289469	-2.670341	0.542461821
0.529366667	0.295999976	0.488565216	0.341415032	0.584150043	0.574219633	0.69200148	0.036571229	-0.058697988	0.59781758	0.320768261	0.4744141	0.50601548	0.765138114	0.842666156	-1.597298291	-1.622585938	0.08110895	0.4637085	0.529427246	0.153299255	-0.521055985	0.489360373	-2.619620242	0.694075179
0.684133333	0.254176476	0.719929962	0.608111087	0.594555663	0.712975944	0.75196138	-0.402517457	0.091667366	0.495475451	0.413194275	0.5388229	0.390493035	0.9462613	1.026114257	-1.715508057	-1.740399902	0.16471635	0.6216578	0.735101076	0.318131691	-0.379886628	0.90854925	-2.661677332	0.557987979
0.545433333	0.417999997	0.466028748	0.092351774	0.7106815	0.599149278	0.54397932	-0.146707086	-0.020326088	0.525720119	0.430981159	0.327691325	0.63550657	0.646926619	0.72031808	-1.610268018	-1.635871387	0.0959594	0.4775368	0.491338379	0.181060224	-0.55563488	0.533243047	-2.635498383	0.659974079
0.547116667	0.387647068	0.471969757	0.431783117	0.587860283	0.564221956	0.58397164	-0.0209992	-0.011158979	0.586366812	0.367630672	0.402949625	0.61450547	0.647323243	0.720773159	-1.611679394	-1.637162988	0.093608	0.4804276	0.49749292	0.189933154	-0.53634491	0.535469005	-2.63024466	0.671730671
0.645233333	0.279117641	0.521829681	0.17610756	0.780694057	0.749861944	0.70593228	-0.633719614	0.026156013	0.499441465	0.54680109	0.393733275	0.44498867	0.864673689	0.942585799	-1.688863135	-1.713632129	0.1502205	0.5864255	0.566701416	0.253220015	-0.420884705	0.805928531	-2.665281624	0.561712843
0.6004	0.414647046	0.57637207	0.356843729	0.6438065	0.596394222	0.5539619	-0.210993257	0.039000419	0.494306088	0.429669857	0.38754035	0.56149608	0.692352957	0.765725726	-1.654271484	-1.67967666	0.1256813	0.5347811	0.592833008	0.243699628	-0.494422913	0.677805306	-2.648841812	0.622710957
0.67145	0.457117642	0.75557373	0.508926603	0.691912669	0.644642856	0.50794712	-0.421499829	0.122207743	0.39062802	0.478278446	0.394575175	0.478487075	0.746217354	0.819398577	-1.706144922	-1.7311146	0.1564611	0.6192677	0.749365724	0.32762746	-0.369799424	0.871675192	-2.667898761	0.556775879
0.509066667	0.311470593	0.69612793	0.242230549	0.739200614	0.575500811	0.6780397	0.065625943	-0.095247199	0.405584018	0.298673439	0.428306925	0.42853123	0.915879883	0.997864956	-1.579939356	-1.605136475	0.06734325	0.4415147	0.714376464	0.120577371	-0.533873368	0.436496213	-2.611767933	0.710988421
0.7002	0.315529431	0.396091537	0.806480053	0.605499443	0.770394089	0.663973	-0.734752043	0.133470627	0.674126307	0.578842831	0.4260658	0.546492695	0.675223773	0.747182339	-1.726140674	-1.750809082	0.1721103	0.6494038	0.436819824	0.347369043	-0.281647682	0.957964882	-2.678445184	0.50856125
0.602933333	0.327000001	0.393700104	0.361251929	0.708894391	0.688341011	0.6459402	-0.4512434	0.00725931	0.597569466	0.519660282	0.368019825	0.588994085	0.702127371	0.77644043	-1.65695669	-1.682122558	0.129344	0.5419366	0.428951172	0.222823365	-0.489012527	0.68955415	-2.654991179	0.601913621
0.638466667	0.32429409	0.488588867	0.769010359	0.648077217	0.682857711	0.6559526	-0.445532429	0.053059603	0.572152456	0.492430782	0.4199891	0.50099677	0.744110211	0.818674944	-1.683023584	-1.70820625	0.14671875	0.5744271	0.528395996	0.269088701	-0.439774322	0.784431946	-2.660537887	0.580198371
0.646066667	0.319588212	0.683138733	0.788847256	0.583621651	0.640042367	0.67392578	-0.239911729	0.069888151	0.499885718	0.390703487	0.4950984	0.419496655	0.836024971	0.912853794	-1.688297949	-1.713604541	0.14802705	0.5774699	0.703097656	0.286559837	-0.429444504	0.8013761	-2.653196774	0.595524429
0.754333333	0.413941159	0.770955048	0.634560282	0.707684151	0.7731859	0.55994978	-0.761001071	0.211956541	0.405694167	0.56200552	0.402617325	0.423485995	0.792208147	0.865362723	-1.759504199	-1.784333252	0.1892407	0.693541	0.769773436	0.421984441	0.00433979	1.108886767	-2.68685933	0.462988821
0.539516667	0.284529405	0.415019684	0.332598633	0.763563754	0.659272156	0.69401732	-0.2560152	-0.078328931	0.55988423	0.445271206	0.405560325	0.546518625	0.789680246	0.868012416	-1.606246826	-1.631567725	0.09458555	0.4734747	0.456603272	0.141374675	-0.548614693	0.520706942	-2.633435482	0.659497671
0.527666667	0.329705855	0.622604828	0.70509147	0.706981726	0.578443622	0.65402856	-0.010656086	-0.069042825	0.451049646	0.33724947	0.41610735	0.474026265	0.84142606	0.920845284	-1.595942725	-1.621191699	0.08214305	0.4604481	0.64661914	0.14447258	-0.538448715	0.485141652	-2.621485041	0.69044185
0.652	0.432176478	0.557373047	0.603702887	0.778171037	0.705420389	0.52800168	-0.606031557	0.082594289	0.449980577	0.570221233	0.304670525	0.571504595	0.697232283	0.76968764	-1.692242822	-1.717547949	0.15473555	0.5817227	0.574735352	0.290816472	-0.356087112	0.822645615	-2.670045079	0.554088136
0.674833333	0.452411764	0.558644562	0.200352656	0.693117677	0.691240778	0.5059599	-0.576368871	0.129347251	0.487905025	0.557894897	0.345283625	0.58448738	0.649963867	0.720763671	-1.708160498	-1.733229297	0.1592953	0.6202661	0.574561035	0.331979842	-0.305976678	0.884017286	-2.673806409	0.537763271
0.65115	0.393058833	0.456606979	0.147454265	0.716818849	0.714465722	0.57191362	-0.598625257	0.080934024	0.546982447	0.569813251	0.32841105	0.59748626	0.66225865	0.734188197	-1.692150732	-1.717191846	0.15144835	0.5947315	0.484312988	0.290149172	-0.38151722	0.820531085	-2.669302755	0.554329107
0.528516667	0.455764714	0.59174881	0.392109323	0.73620152	0.558084656	0.50400724	-0.041331186	-0.03314704	0.429483732	0.384867477	0.333508725	0.609016775	0.688125697	0.762728516	-1.595918262	-1.621532715	0.08475675	0.4597806	0.601250244	0.165860289	-0.569872094	0.487169855	-2.628136128	0.678985407
0.632533333	0.407882354	0.511137238	0.244434648	0.573273229	0.617229356	0.55995812	-0.286386314	0.084017949	0.574662527	0.454856014	0.4032417	0.58749354	0.639614397	0.71101981	-1.677553906	-1.703192383	0.1422603	0.561028	0.533471192	0.286863587	-0.450213051	0.765178833	-2.657607822	0.594339579
0.71205	0.38294119	0.69265564	0.275292043	0.7800565	0.773818044	0.59394112	-0.769051114	0.13774447	0.40536054	0.57693243	0.359614075	0.436986745	0.817837751	0.892576311	-1.733824609	-1.7584646	0.17617835	0.6564789	0.706949708	0.354003402	-0.185608101	0.990294888	-2.680784573	0.498087443
0.686666667	0.386294141	0.68553894	0.601498788	0.672452566	0.694104444	0.59393992	-0.517444571	0.122478622	0.448981603	0.496566582	0.4154666	0.451983275	0.78094615	0.855253349	-1.716968359	-1.741780029	0.1644243	0.6347828	0.698881836	0.335031019	-0.34658699	0.915912878	-2.670939274	0.539010286
0.641	0.356000003	0.506356354	0.612519286	0.745879254	0.709335422	0.6180798	-0.566580086	0.050772784	0.506675561	0.546196651	0.352205225	0.525520505	0.746007533	0.820410156	-1.685033252	-1.710128516	0.1510818	0.577309	0.538653076	0.266709253	-0.418867493	0.792877381	-2.665395359	0.567137721
0.637616667	0.289882379	0.691456757	0.359047829	0.590900531	0.646252844	0.70994726	-0.225691757	0.049637621	0.496309122	0.376517677	0.51163125	0.406495095	0.883436663	0.96192885	-1.682563232	-1.707764356	0.1437415	0.5699925	0.711527832	0.270285398	-0.434219932	0.778435923	-2.649733256	0.604588171
0.7298	0.366058798	0.483873291	0.700683271	0.575696846	0.752139833	0.60994974	-0.712792843	0.187236949	0.623015404	0.571384335	0.424440075	0.529488385	0.65792885	0.728506697	-1.744383008	-1.769269385	0.18180205	0.6739579	0.518092774	0.395454423	-0.16195755	1.039800817	-2.683432368	0.48468065
0.6909	0.457764682	0.495729523	0.815296451	0.745396903	0.756972444	0.49592008	-0.757582329	0.147562373	0.508841515	0.625607491	0.3004192	0.61648226	0.619811663	0.689469587	-1.718714111	-1.743875732	0.1687069	0.6280802	0.517005615	0.3493482	-0.121662331	0.931221704	-2.68060215	0.509735893
0.658766667	0.246764688	0.602491913	0.702887371	0.737488491	0.748161222	0.74794402	-0.587812971	0.03607358	0.48190705	0.503202152	0.458821525	0.401489495	0.9461137	1.02620759	-1.69864668	-1.723320166	0.155874	0.5997829	0.641888184	0.267385328	-0.410347939	0.842226925	-2.664305154	0.559007221
0.60125	0.425411785	0.621471405	0.828521049	0.769739466	0.631770244	0.5399262	-0.341212371	0.02286119	0.41125838	0.479092598	0.3306477	0.53898728	0.743716239	0.818398717	-1.655343701	-1.680541846	0.12655745	0.5392455	0.633618652	0.231725608	-0.492517471	0.681849708	-2.653190699	0.611653021
0.642683333	0.273058835	0.584701385	0.145250165	0.587234234	0.669128778	0.72396508	-0.3251387	0.048519768	0.559048176	0.416810608	0.508950525	0.4209975	0.846688059	0.924171736	-1.686279394	-1.711467334	0.14751745	0.5744301	0.624097412	0.270848802	-0.433176231	0.794273989	-2.654426197	0.591887271
0.722183333	0.410588208	0.617908936	0.654397179	0.606721889	0.714451811	0.56196442	-0.6088517	0.183516571	0.518137614	0.532395744	0.420205175	0.492990075	0.692785436	0.76407673	-1.739435986	-1.764381836	0.17843435	0.6663494	0.637969972	0.3898751	-0.214055824	1.016043288	-2.679880647	0.500956129
0.519216667	0.438882379	0.437546616	0.35243553	0.651032017	0.569307556	0.5200385	0.019614557	-0.019470288	0.575375557	0.375435734	0.343775625	0.663523435	0.58952009	0.661688477	-1.58742583	-1.613304932	0.0779171	0.4515939	0.466695801	0.171982788	-0.567683601	0.463213791	-2.623387006	0.686837893
0.714583333	0.449000022	0.681976166	0.5265594	0.759374651	0.748733756	0.5140244	-0.737269914	0.166317312	0.406868299	0.58711195	0.3461926	0.49100882	0.73180971	0.803865793	-1.734444629	-1.759443262	0.17677735	0.6520026	0.68951538	0.372924188	-0.077311134	0.996338821	-2.68247212	0.495923364
0.6207	0.444294144	0.476733627	0.134229667	0.64077532	0.633785867	0.51395288	-0.335310657	0.077475996	0.557669957	0.491408825	0.351300725	0.632493855	0.601923967	0.672368861	-1.668766113	-1.694520264	0.13759625	0.5475037	0.500068604	0.276139667	-0.46164341	0.734295699	-2.657907032	0.596227343
0.7019	0.317529398	0.652319641	0.636764382	0.717348283	0.762262022	0.67199936	-0.689379286	0.115095829	0.46201992	0.53569994	0.420899575	0.41600144	0.861247629	0.937805246	-1.727564746	-1.752204883	0.17435145	0.6435119	0.678691164	0.336671206	-0.303365135	0.961754719	-2.675748093	0.515227607
0.575033333	0.346529399	0.769724121	0.255455147	0.696713869	0.591884467	0.64197174	-0.065641371	-0.017479615	0.390305042	0.340232754	0.436589	0.4190076	0.890910296	0.97044043	-1.635155762	-1.660240918	0.1090069	0.5091571	0.770620116	0.198630278	-0.49846859	0.608416258	-2.633396231	0.659689257
0.713733333	0.239999995	0.524213867	0.306149438	0.6505113	0.802535556	0.7559537	-0.761636286	0.113875955	0.585784435	0.548165226	0.495707875	0.41148877	0.86950572	0.946743583	-1.73563169	-1.760123828	0.17743005	0.6570153	0.574942139	0.342178682	-0.29724865	0.996945564	-2.677698455	0.500865871
0.633383333	0.357294139	0.601316223	0.162882962	0.781916154	0.696716122	0.61990014	-0.520037386	0.034219653	0.435802301	0.517982864	0.356727725	0.476478695	0.811803431	0.887981027	-1.679786621	-1.704793896	0.14356865	0.5706452	0.62689868	0.252995221	-0.439418984	0.771317798	-2.661863231	0.578195229
0.668066667	0.353941188	0.756725006	0.464844611	0.742399554	0.701309322	0.63192358	-0.493791757	0.078672216	0.387243112	0.47821331	0.407746325	0.412982165	0.882226981	0.959668946	-1.704428272	-1.729314404	0.15795125	0.6069415	0.760460936	0.298618543	-0.391475678	0.864795736	-2.665367744	0.558046307
0.662983333	0.467882381	0.534865723	0.638968481	0.61951102	0.650043033	0.48793784	-0.436039957	0.132185404	0.53335015	0.514927769	0.37078845	0.61297363	0.601813197	0.671434989	-1.699298682	-1.724758008	0.1559217	0.5980246	0.551873291	0.329760169	-0.368753815	0.849658003	-2.668667879	0.557939021
0.5429	0.418647037	0.40790741	0.802071854	0.693626534	0.6101374	0.54000488	-0.137441129	-0.013190911	0.578894774	0.436078548	0.32352495	0.65951562	0.60433789	0.676606864	-1.607872656	-1.633615527	0.09464515	0.4752152	0.43909668	0.184804623	-0.557049179	0.526846924	-2.634695237	0.660847286
0.61225	0.432823518	0.438777466	0.643376681	0.57446882	0.614258722	0.52793732	-0.239474057	0.078050348	0.619791985	0.45795393	0.378458075	0.644492565	0.572254046	0.642137974	-1.662570117	-1.688204102	0.1313944	0.5476229	0.46604834	0.274082057	-0.479161454	0.710097485	-2.653298951	0.609338236
0.6224	0.244705874	0.712838135	0.64558078	0.6608946	0.670394044	0.75992814	-0.257347786	0.006038058	0.45532163	0.380903625	0.510789325	0.391984345	0.989300503	1.07136928	-1.672008301	-1.696977442	0.1353134	0.5591952	0.729968752	0.235135458	-0.446274185	0.738278151	-2.646138806	0.613766429
0.5226	0.360705881	0.543129425	0.76680626	0.64680106	0.557429011	0.61601986	0.028325357	-0.055668021	0.514674823	0.336851692	0.409929325	0.554021655	0.73878697	0.81538072	-1.591243555	-1.616665527	0.0779797	0.4556619	0.567126709	0.15100336	-0.546586419	0.471584379	-2.620765292	0.694095186
0.592783333	0.302705877	0.609595032	0.132025568	0.726530414	0.648330733	0.6839489	-0.280942714	-0.017580708	0.461150964	0.427017212	0.424319375	0.43699777	0.873107003	0.952073103	-1.649397803	-1.674433838	0.1223911	0.5300813	0.642250244	0.204399352	-0.495030213	0.659521487	-2.645153167	0.626884986
0.667216667	0.247411784	0.417452698	0.656601278	0.743547014	0.806841667	0.7379674	-0.763117043	0.049381731	0.602146467	0.584068203	0.445610175	0.466492535	0.823161551	0.900006139	-1.704500781	-1.729136914	0.16080035	0.6095104	0.471408203	0.277966536	-0.37527008	0.868442587	-2.671338081	0.534946529
0.63085	0.328352928	0.581125946	0.813092352	0.708235211	0.678016156	0.65398446	-0.4315313	0.0330161	0.48510774	0.47971468	0.406992325	0.4650048	0.813682477	0.890136997	-1.677808838	-1.702940283	0.1441021	0.5647622	0.612511232	0.252578628	-0.451392746	0.763507074	-2.65806056	0.588265007
0.6503	0.389705882	0.436437988	0.82631695	0.713163366	0.7203434	0.57397476	-0.606532229	0.080724916	0.564048449	0.573136139	0.3266825	0.605994225	0.652564733	0.724302874	-1.691553516	-1.716582226	0.15066755	0.5946867	0.465565186	0.289632011	-0.383060455	0.818363535	-2.669323764	0.554137521
0.578416667	0.376176498	0.379447327	0.672029976	0.755717774	0.676855522	0.58595648	-0.386986186	-0.002683245	0.577987353	0.520370388	0.314806275	0.6389997	0.648334821	0.721425363	-1.637446826	-1.662865869	0.1167257	0.5135678	0.412203369	0.205132128	-0.522331237	0.62360237	-2.649714081	0.620268871
0.7501	0.296647072	0.532520752	0.275292043	0.781263603	0.901042833	0.68799724	-1.082915543	0.163058334	0.519868215	0.664310837	0.3802641	0.43099648	0.827862863	0.902639509	-1.758049609	-1.782410058	0.18999765	0.6925248	0.576646728	0.386733067	0.193120384	1.102955801	-2.691290874	0.440340757
0.68075	0.254823516	0.746025391	0.784439057	0.719787249	0.748538722	0.74800244	-0.548694443	0.06858986	0.420128505	0.46762495	0.476038325	0.38449979	1.006966936	1.088387416	-1.71372832	-1.738391406	0.16575645	0.6195389	0.755676756	0.299443082	-0.381787873	0.901467184	-2.665687986	0.5478752
0.636766667	0.262941192	0.629750061	0.23561825	0.656547154	0.685207133	0.73397984	-0.366752114	0.026129955	0.499394576	0.427771854	0.491802275	0.40650463	0.912333566	0.991796177	-1.682347608	-1.707371924	0.1461525	0.5708836	0.663125976	0.253054277	-0.441137886	0.778777704	-2.6539423	0.593564714
0.514983333	0.280470568	0.54785965	0.683050474	0.758668037	0.611548367	0.70402612	-0.085253	-0.104955176	0.476110299	0.363553333	0.408974175	0.46902603	0.881586217	0.96279813	-1.585318066	-1.610566455	0.07629285	0.4490607	0.586829102	0.115287798	-0.548588752	0.454597105	-2.619880364	0.690240471
0.74925	0.324941186	0.572835083	0.433987216	0.710109863	0.845583356	0.65993776	-0.951501771	0.179272353	0.521502177	0.615845871	0.4109009	0.43798244	0.794408761	0.868306083	-1.757661621	-1.782036524	0.1887907	0.6956689	0.60956958	0.398041177	0.012608719	1.098523988	-2.68893191	0.452202936
0.616466667	0.281117664	0.747207336	0.107780472	0.692510114	0.655781967	0.71794382	-0.245788743	0.007748366	0.416851521	0.384806919	0.474990775	0.397489725	0.965443499	1.046676479	-1.66769209	-1.692548584	0.132354	0.558611	0.755476564	0.232993546	-0.458107949	0.721613837	-2.646021706	0.617582829
0.597016667	0.441588234	0.475558319	0.149658365	0.77398856	0.662302389	0.5139326	-0.411484543	0.032055966	0.493240515	0.528847694	0.28381635	0.63398725	0.642912807	0.715044783	-1.651840332	-1.677206494	0.1254339	0.5342655	0.499354736	0.2348981	-0.493236733	0.672177877	-2.655588204	0.605529071
0.696816667	0.293294121	0.492180023	0.846153846	0.747796109	0.802337544	0.68998684	-0.822100943	0.097284233	0.540835063	0.606998825	0.392956925	0.46249515	0.809582869	0.885055943	-1.724182568	-1.748800049	0.1720656	0.640022	0.536948486	0.321211609	-0.265903283	0.950223338	-2.679090187	0.504722286
0.666366667	0.347235287	0.71636673	0.098964073	0.733236609	0.702481544	0.63794246	-0.500961343	0.077505666	0.41052707	0.484951496	0.41054475	0.41798836	0.866910436	0.943971261	-1.703125244	-1.728131445	0.15844	0.6004475	0.729005372	0.297098738	-0.393465043	0.86063159	-2.66548186	0.5583554
0.75855	0.304058804	0.370010605	0.572845493	0.614620186	0.8788752	0.67594042	-1.024661371	0.202752055	0.713493665	0.655814552	0.4254012	0.53498453	0.66394322	0.734604771	-1.762751025	-1.787252881	0.19087385	0.705304	0.413540527	0.417330302	0.172073936	1.126354547	-2.692332702	0.434996779
0.7205	0.248764711	0.482697449	0.40974212	0.725316686	0.849809989	0.73992958	-0.9162567	0.116848423	0.577417533	0.613413048	0.43974955	0.421483875	0.85259947	0.929149693	-1.740162744	-1.764480615	0.1802553	0.6677114	0.537731934	0.345218045	-0.215345955	1.018138339	-2.683042355	0.479658536
0.6114	0.309470569	0.718737335	0.29512894	0.7654405	0.664947178	0.68197002	-0.330434157	0.000184989	0.391114871	0.430529881	0.4149704	0.408499	0.936459961	1.016677594	-1.663720996	-1.68868252	0.13243745	0.5488687	0.732554688	0.22390692	-0.475082206	0.709411475	-2.649482475	0.612355079
0.707816667	0.332352919	0.604840393	0.718316068	0.645580009	0.741102044	0.65402498	-0.639624729	0.138177105	0.519161542	0.526301479	0.439531975	0.439509215	0.791768136	0.866314034	-1.730922705	-1.755738135	0.1763363	0.6477915	0.636430176	0.354756986	-0.29473381	0.977405384	-2.676235555	0.513516529
0.625783333	0.24205881	0.442346573	0.378884726	0.684570311	0.7286758	0.74594012	-0.492543457	0.006492421	0.604673227	0.493677425	0.4683568	0.459492565	0.835299526	0.913225864	-1.674514892	-1.69952627	0.14074935	0.5621814	0.495837402	0.233985924	-0.45686264	0.751982996	-2.656481354	0.588294386
0.723033333	0.263588232	0.454224091	0.215781353	0.579969657	0.791045111	0.72794786	-0.753919186	0.145239016	0.66577673	0.554547215	0.496959575	0.452988505	0.767613421	0.841882533	-1.741246533	-1.765789942	0.1795609	0.669723	0.506220947	0.36663344	-0.264450455	1.02255966	-2.680188797	0.49168675
0.617316667	0.434176445	0.390126266	0.425170818	0.623737094	0.654763067	0.52195898	-0.344639643	0.079254326	0.635169188	0.504410839	0.343190025	0.66199249	0.553467913	0.622716936	-1.666171533	-1.692028369	0.13634755	0.5443476	0.421698242	0.275985828	-0.46724453	0.725944598	-2.657304657	0.5963738
0.623233333	0.339117667	0.485036163	0.103372272	0.604888043	0.643918989	0.64196696	-0.329985414	0.046742618	0.587784767	0.457890701	0.4304691	0.531498255	0.712459821	0.78633259	-1.671524951	-1.696978906	0.13872575	0.553032	0.51921875	0.259078428	-0.463207435	0.741703726	-2.654950346	0.599659293
0.678216667	0.388352955	0.642823029	0.314965836	0.586045969	0.655425667	0.58991662	-0.388628714	0.126409944	0.509604931	0.45789814	0.447735075	0.477004705	0.730215123	0.803300781	-1.710308203	-1.735530518	0.16174505	0.6150447	0.660681152	0.335053773	-0.378023339	0.890773911	-2.66651719	0.555970364
0.657916667	0.420705908	0.680789032	0.087943575	0.670073243	0.649931444	0.54986824	-0.392371043	0.098837571	0.440273285	0.470257282	0.400328525	0.485958515	0.7419149	0.815433176	-1.696570606	-1.721776709	0.1497288	0.5955927	0.689908936	0.307013782	-0.404658509	0.835107368	-2.663864379	0.56960705
0.5099	0.363411791	0.412620773	0.273087944	0.714883511	0.594006067	0.6040441	-0.054062743	-0.068713725	0.565762043	0.398600674	0.341191775	0.632027745	0.67680985	0.752136579	-1.579688184	-1.605506787	0.073408	0.442686	0.444119629	0.135553194	-0.573694993	0.441321298	-2.62239639	0.687273436
0.513283333	0.423411762	0.659351349	0.319374036	0.657732631	0.525712056	0.54801932	0.126049729	-0.046031449	0.437997023	0.297959232	0.402527925	0.549023805	0.732551757	0.808800503	-1.582938525	-1.608351025	0.068735	0.4451625	0.663792236	0.153677569	-0.551950264	0.445351355	-2.615174749	0.70982315
0.525133333	0.329000024	0.419752121	0.744765263	0.6996732	0.606175344	0.64401498	-0.115381443	-0.067237871	0.572891235	0.405587292	0.375103825	0.598522185	0.719360211	0.795735351	-1.593347119	-1.618902978	0.08360935	0.458815	0.45314331	0.143071012	-0.559120941	0.481109412	-2.627246093	0.676477757
0.505683333	0.327647041	0.392466812	0.506722504	0.612704729	0.575521	0.64802638	0.034413543	-0.0692315	0.638623396	0.346010685	0.412265825	0.6190235	0.6755339	0.751101841	-1.576152246	-1.601789551	0.0672598	0.4396849	0.426553711	0.13530268	-0.554114914	0.429215553	-2.616136794	0.701343964
0.6393	0.380941166	0.705688171	0.345823231	0.655394811	0.635850178	0.59994808	-0.293642757	0.067898426	0.440777938	0.423234653	0.433155775	0.44998801	0.798783761	0.874374441	-1.683344336	-1.708545996	0.14447465	0.5748563	0.71547754	0.280174433	-0.442742348	0.783078801	-2.656065036	0.593719686
0.546283333	0.409235281	0.565690613	0.577253692	0.772712751	0.595494189	0.55597654	-0.168895343	-0.037020838	0.434369087	0.429284954	0.3194331	0.57851708	0.735714983	0.811515626	-1.611246875	-1.636705859	0.096779	0.4775994	0.582249024	0.170111389	-0.556666184	0.535454874	-2.63617391	0.659263086
0.654533333	0.406529426	0.732964325	0.691866872	0.752044851	0.672881556	0.56799044	-0.453963071	0.077565019	0.381404718	0.486283588	0.3751545	0.453001915	0.811075196	0.886493164	-1.694356982	-1.719564551	0.15398455	0.5855762	0.735703124	0.291074338	-0.406125831	0.827072941	-2.664017589	0.568870086
0.564883333	0.438235283	0.665342712	0.453824113	0.590279366	0.531973522	0.53196302	0.041580571	0.018439324	0.468530496	0.329069996	0.432778775	0.5415017	0.696941406	0.770938477	-1.626185498	-1.65156123	0.10133875	0.4976474	0.669153808	0.217323457	-0.518444253	0.579490406	-2.631863618	0.670952829
0.712883333	0.293941161	0.761455841	0.804275953	0.629861537	0.741197078	0.70794692	-0.543283186	0.133208876	0.457464536	0.45516386	0.50415535	0.393989445	0.91905957	0.997397043	-1.734626123	-1.759285498	0.1756091	0.6547891	0.765553712	0.356378243	-0.331034851	0.989895353	-2.67113176	0.523177593
0.697666667	0.273705875	0.706843719	0.085739475	0.626666434	0.734501822	0.72812548	-0.519844943	0.108988043	0.484790802	0.453789997	0.502347825	0.396032395	0.92026437	0.99898019	-1.724826025	-1.749523438	0.1725782	0.6387852	0.724085936	0.33395385	-0.357736588	0.947567153	-2.668144604	0.537082079
0.683283333	0.318235285	0.527758636	0.389905224	0.57810268	0.702063989	0.66796532	-0.511918371	0.112583366	0.593900999	0.491153049	0.469963125	0.47299421	0.747167271	0.82105399	-1.714291455	-1.739372314	0.16604855	0.61787	0.56598584	0.328274698	-0.367078781	0.907744639	-2.669239407	0.543409107
0.757716667	0.401823549	0.65470932	0.819704651	0.669265834	0.792710733	0.57201614	-0.826559371	0.218191326	0.481155554	0.58771286	0.39864915	0.463510215	0.734848773	0.806570731	-1.761515967	-1.786295508	0.19268585	0.7001005	0.671425292	0.427141192	0.114787101	1.11952129	-2.689124764	0.453927207
0.51245	0.306058828	0.725799408	0.297333039	0.626114329	0.555174633	0.6900238	0.1862155	-0.07594576	0.450594743	0.2353755	0.495625925	0.42152381	0.895922711	0.97738909	-1.583100293	-1.608080371	0.06394575	0.4460387	0.738151856	0.136901241	-0.497856331	0.442712471	-2.604989428	0.7257163
0.733183333	0.321588236	0.734180603	0.447211814	0.576325334	0.727942667	0.67389956	-0.5432602	0.175667952	0.495157401	0.465138817	0.50563055	0.40347284	0.846766323	0.922593053	-1.747028808	-1.771782226	0.18175135	0.6771975	0.744140136	0.392963289	-0.287414169	1.046578073	-2.675899076	0.503720507
0.608016667	0.458470569	0.67127182	0.312761737	0.691237443	0.591452667	0.50397386	-0.220409943	0.053908179	0.416974068	0.435284424	0.3764792	0.54099834	0.709600864	0.782996931	-1.659932422	-1.685361133	0.1294662	0.5423121	0.67370508	0.256076096	-0.485596085	0.697686729	-2.651381891	0.616410321
0.653683333	0.459823552	0.684342499	0.603702887	0.588482491	0.5996493	0.5039524	-0.2490687	0.120023695	0.469808419	0.428094769	0.433623675	0.51598823	0.677530134	0.749156669	-1.692573438	-1.7181854	0.15096855	0.5815529	0.688736328	0.31996208	-0.419469261	0.820991742	-2.660171402	0.583694614
0.624933333	0.430823551	0.590679626	0.317169936	0.76436384	0.6635064	0.5319058	-0.462769243	0.052101351	0.432823817	0.517622757	0.323520475	0.55797583	0.716907366	0.790454101	-1.673393896	-1.698404248	0.13567995	0.569775	0.605089112	0.260291598	-0.446844482	0.746894625	-2.66129456	0.585507021
0.76955	0.250117639	0.616726837	0.303945338	0.734466377	0.901909744	0.74797382	-1.056441714	0.177457322	0.502715906	0.621227837	0.45746105	0.39450413	0.928187779	1.005853934	-1.770707764	-1.794740332	0.19428625	0.7177316	0.652143312	0.406901631	0.021132469	1.158718601	-2.691600931	0.427560243
0.615633333	0.455058827	0.644000244	0.832929248	0.620693011	0.577488956	0.50995818	-0.1847042	0.071174829	0.464188576	0.41870203	0.4045068	0.5549947	0.677478376	0.749862444	-1.665429736	-1.690903564	0.13245535	0.5504512	0.649187256	0.271365673	-0.475877953	0.71733098	-2.651803171	0.614466786
0.535283333	0.374176474	0.697352295	0.107780472	0.631594937	0.544432544	0.60798754	0.103949171	-0.036599004	0.445401351	0.289477634	0.4467814	0.47650969	0.798151507	0.875930524	-1.602220312	-1.627411084	0.08194935	0.467708	0.70545996	0.170162353	-0.520403671	0.502156384	-2.619057192	0.699193514
0.5818	0.336411756	0.458929214	0.123209169	0.754506837	0.661799389	0.63594808	-0.368490014	-0.019059859	0.524336497	0.493065166	0.345775375	0.560997485	0.748877511	0.824763533	-1.640407422	-1.665629004	0.1180042	0.5176746	0.492192627	0.19663473	-0.51698494	0.632091391	-2.648582713	0.622563229
0.6596	0.424058802	0.45302002	0.400925722	0.761830357	0.744060422	0.53392878	-0.6918384	0.096131374	0.528707663	0.606199646	0.290438425	0.61998254	0.636935269	0.707840541	-1.697864551	-1.723005908	0.15683365	0.5965673	0.47916748	0.302625888	-0.31755352	0.844866501	-2.67333255	0.539965236
0.597866667	0.34923531	0.620274658	0.58827419	0.659003906	0.616077667	0.63395848	-0.210707157	0.01373168	0.478738149	0.403940964	0.425732025	0.47349578	0.796046039	0.872550641	-1.652896142	-1.678052734	0.12413455	0.5342149	0.643459472	0.227351245	-0.490423775	0.671241178	-2.645155306	0.628510921
0.665533333	0.396411784	0.523005066	0.493497906	0.600637557	0.662381533	0.5739664	-0.446824143	0.11370751	0.561612765	0.502273655	0.402942175	0.557493625	0.663604074	0.735168946	-1.701512744	-1.726823633	0.1570244	0.6016992	0.547685791	0.319754672	-0.383188629	0.857266616	-2.66764972	0.557562229
0.554733333	0.318882325	0.496877136	0.519947102	0.715564314	0.6243243	0.6599616	-0.2009916	-0.047514046	0.521125317	0.419862461	0.390808175	0.51900482	0.784285574	0.861722517	-1.618668066	-1.643919385	0.1013626	0.4887335	0.533517822	0.168325988	-0.534620285	0.558613213	-2.635998609	0.654877886
0.594483333	0.396411784	0.455372009	0.843949747	0.623114189	0.619768178	0.56995264	-0.2538771	0.034159931	0.584088961	0.451366997	0.372666	0.61649716	0.636176619	0.708381557	-1.649656543	-1.675074268	0.12304675	0.5298786	0.482229248	0.237791147	-0.501600075	0.663187268	-2.648962305	0.622517671
0.583483333	0.449705909	0.467245636	0.711703769	0.74903146	0.640139067	0.50395122	-0.32098	0.025943204	0.508164406	0.50187273	0.2958669	0.64499742	0.623573381	0.695398299	-1.640847754	-1.666390478	0.11847805	0.5170279	0.492208984	0.225701244	-0.516618348	0.635066306	-2.650471542	0.621036493
0.656216667	0.403176476	0.374725037	0.180515759	0.60000314	0.697096933	0.55995216	-0.500986886	0.114548036	0.669156075	0.544018841	0.360208625	0.64549124	0.566152204	0.635353656	-1.694836279	-1.720283936	0.153916	0.5921685	0.406692139	0.315513006	-0.388806725	0.833310787	-2.668041535	0.556895514
0.608866667	0.392352946	0.64756134	0.484681508	0.719245257	0.630000644	0.58194628	-0.300408743	0.027743824	0.430284023	0.44510088	0.378624975	0.48949486	0.77909961	0.85469043	-1.66114419	-1.686308106	0.13045265	0.5463712	0.6629541	0.239535978	-0.483327865	0.701536681	-2.651746467	0.612403614
0.536133333	0.38358823	0.554999237	0.231210051	0.762339914	0.594550456	0.58600774	-0.1416705	-0.055053255	0.4491388	0.410186672	0.33940215	0.56351638	0.755801479	0.832498884	-1.602883203	-1.628309619	0.09083045	0.4682415	0.575483154	0.154721023	-0.560049629	0.508934444	-2.631558136	0.668897321
0.553033333	0.359999994	0.514672699	0.782234957	0.75144566	0.6166747	0.61197152	-0.216894971	-0.04395123	0.482708772	0.437995148	0.348247475	0.55900699	0.756314733	0.832800641	-1.617029688	-1.642388037	0.10081125	0.4854642	0.541461426	0.168832307	-0.545765114	0.554087636	-2.637782483	0.652959893
0.627466667	0.237294141	0.54079895	0.64998898	0.665085449	0.697878411	0.7579886	-0.4001469	0.008061714	0.548782508	0.450290966	0.49150425	0.41500306	0.901563616	0.981111467	-1.675661133	-1.700683642	0.14160765	0.5630873	0.589360352	0.236889737	-0.452249528	0.754816771	-2.65349607	0.596108979
0.58095	0.467235285	0.51231781	0.416354419	0.5963923	0.569754922	0.4879581	-0.096554043	0.050099574	0.549419085	0.408390999	0.37909735	0.6404925	0.588148299	0.658844447	-1.638410352	-1.664048144	0.1136322	0.5142771	0.531946777	0.242953681	-0.517593193	0.624366255	-2.642781447	0.641511114
0.64945	0.241352923	0.714001312	0.502314305	0.741126534	0.729703322	0.75997344	-0.480642971	0.022831879	0.421989441	0.451987934	0.473718225	0.38649714	1.022044503	1.104501953	-1.692162451	-1.716827344	0.1511742	0.5902402	0.731599608	0.256064339	-0.425383186	0.814987057	-2.658134469	0.577087007
0.664683333	0.278470601	0.404394073	0.206964955	0.730230889	0.787558233	0.70190778	-0.723170857	0.059260083	0.609869798	0.586600685	0.424124175	0.4974795	0.768050084	0.843244839	-1.702278711	-1.727134814	0.158738	0.6041847	0.454158692	0.282930876	-0.373811913	0.860766839	-2.671245389	0.537602764
0.66215	0.260941169	0.449496613	0.5309676	0.620169503	0.727942333	0.72789422	-0.5536229	0.062904236	0.630991777	0.509518719	0.480896125	0.46647525	0.791251256	0.867132533	-1.700428955	-1.725323193	0.1554568	0.6031893	0.499838867	0.286430823	-0.404167175	0.851090325	-2.665844783	0.556086164
0.634233333	0.323588259	0.386621475	0.663213577	0.70185756	0.7312686	0.6499981	-0.572065429	0.04389544	0.617122173	0.552666664	0.3736614	0.581512215	0.693962333	0.76757087	-1.680338525	-1.705494726	0.1572181	0.5666487	0.423327392	0.259817907	-0.436759568	0.775268516	-2.663634197	0.570673129
0.59195	0.242705906	0.760254974	0.270883844	0.634686454	0.636610133	0.7659625	-0.080571486	-0.020911888	0.444925944	0.313570309	0.52919675	0.387998285	1.008361747	1.09172433	-1.649074463	-1.673964746	0.1169164	0.5288177	0.767028808	0.206264331	-0.451284599	0.654172707	-2.632364664	0.654819557
0.585183333	0.331058839	0.499270172	0.189332158	0.676030623	0.635628978	0.6479632	-0.272436271	-0.007952709	0.540486495	0.439388084	0.40511925	0.521501065	0.755563756	0.831471959	-1.643079639	-1.66825459	0.11862705	0.5212955	0.534486572	0.206867526	-0.507925224	0.639209284	-2.645095945	0.630456157
0.558116667	0.34988235	0.740055847	0.541988098	0.756309989	0.600568867	0.63394418	-0.094047243	-0.041637918	0.37476174	0.358820343	0.4033475	0.42800641	0.892417829	0.972344587	-1.621617774	-1.64672334	0.10118375	0.4911058	0.747487792	0.174706386	-0.52075634	0.564743537	-2.631100685	0.665669729
0.5116	0.367411782	0.614283905	0.491293806	0.615170549	0.537023022	0.6140112	0.142514229	-0.056658044	0.494817734	0.279766941	0.44042755	0.512022435	0.757683733	0.834935269	-1.581712988	-1.607006445	0.0662495	0.4447602	0.634125244	0.147145959	-0.53529892	0.441143914	-2.611656275	0.715172664
0.695966667	0.401117661	0.509985504	0.775622658	0.649296874	0.724941567	0.56791534	-0.656485186	0.143740371	0.552401702	0.569184494	0.372534875	0.560981095	0.660786551	0.731816267	-1.722740088	-1.747629443	0.1691271	0.6440096	0.535633301	0.351192966	-0.256069374	0.944039224	-2.677873343	0.516114864
0.6892	0.289235284	0.545545349	0.830725149	0.593955774	0.7247568	0.7039534	-0.549392671	0.107512389	0.584756374	0.491709232	0.4894151	0.434993565	0.798782366	0.874114956	-1.718712695	-1.743642822	0.16794695	0.6259822	0.588595459	0.327975933	-0.361178016	0.92500679	-2.669810561	0.537326879
0.695133333	0.294647048	0.508793488	0.632356182	0.698516671	0.782813711	0.6899332	-0.757193186	0.102026667	0.555167834	0.570003986	0.42075355	0.456495045	0.802020229	0.877343191	-1.723135156	-1.747770801	0.1728703	0.636103	0.552848877	0.324563889	-0.302844429	0.944446392	-2.676647438	0.513904386
0.5209	0.286529429	0.726989136	0.658805378	0.661379046	0.574836211	0.71200958	0.117332114	-0.082215673	0.434937954	0.260121536	0.48725145	0.411522745	0.937816267	1.02039495	-1.590610889	-1.615567969	0.0717659	0.4546456	0.74031006	0.135741823	-0.500622368	0.465615472	-2.609852718	0.714282429
0.704433333	0.291235306	0.551499023	0.151862464	0.714457311	0.792526611	0.69592348	-0.777709114	0.10989537	0.525346915	0.570936584	0.42952735	0.428471325	0.835732143	0.911738281	-1.72939043	-1.753953369	0.171708	0.6475769	0.594741943	0.333901357	-0.2803936	0.970655944	-2.678159021	0.505001579
0.635916667	0.276411786	0.46015564	0.436191316	0.772166923	0.752743167	0.70594062	-0.646031386	0.01492246	0.541387558	0.554146194	0.41176515	0.47649002	0.826663364	0.903814314	-1.682200879	-1.707003418	0.1467217	0.5752676	0.507320801	0.241689704	-0.435377884	0.781067044	-2.664005833	0.567580921
0.5615	0.282470591	0.385373764	0.140841966	0.695468051	0.660482789	0.69797388	-0.2677224	-0.047161783	0.616048018	0.452757263	0.411265975	0.560506045	0.75130957	0.828157087	-1.624123096	-1.649468066	0.10608925	0.4959606	0.426659668	0.171341141	-0.527656555	0.578083347	-2.639295566	0.644245264
0.62155	0.345882359	0.641623383	0.724928367	0.773379254	0.675757478	0.63393106	-0.4271529	0.021067506	0.419018746	0.482037258	0.371366625	0.45198804	0.847844029	0.925251116	-1.671025879	-1.696090478	0.13748895	0.5580418	0.664321044	0.240219533	-0.464108657	0.738078154	-2.656554912	0.594629086
0.728116667	0.250117639	0.592998657	0.445007714	0.589038783	0.786153556	0.74998846	-0.695470871	0.143593505	0.578071912	0.504458618	0.525657725	0.402503965	0.873054687	0.950177037	-1.744805664	-1.769268066	0.18149505	0.6719135	0.63342578	0.369385926	-0.291502953	1.035482644	-2.677464028	0.49649855
0.604633333	0.448352926	0.6511203	0.583865991	0.660239606	0.588531711	0.51594248	-0.198030943	0.049341314	0.444004377	0.419352055	0.3908171	0.54549432	0.701467494	0.774805246	-1.657303076	-1.682677246	0.1273383	0.5393796	0.656920412	0.252118985	-0.490123368	0.688187422	-2.649571417	0.621548671
0.579266667	0.461823519	0.500459442	0.5287635	0.678421457	0.600852644	0.49200406	-0.202675857	0.033939478	0.516903559	0.451319218	0.3358482	0.64100659	0.611038226	0.682469447	-1.637281006	-1.662887451	0.11502995	0.5115442	0.521587158	0.230309783	-0.52303276	0.621781745	-2.645893986	0.633997529
0.734883333	0.298647039	0.648762054	0.224597752	0.5769458	0.754583622	0.69794884	-0.630065	0.171552421	0.543426991	0.494932747	0.5075096	0.408985675	0.831944057	0.90746889	-1.74853833	-1.773163428	0.18276165	0.6803386	0.67696118	0.390462035	-0.270701027	1.053292954	-2.678352775	0.494340864
0.668916667	0.391058809	0.380689697	0.667621777	0.625021971	0.723611067	0.57386984	-0.594305614	0.120820747	0.655088266	0.569560623	0.352190325	0.63246763	0.588232003	0.657916713	-1.70397544	-1.729221631	0.1581241	0.6082468	0.412533203	0.324618424	-0.346667863	0.869337267	-2.672219945	0.540290086
0.745033333	0.409882377	0.728234253	0.094555874	0.72897426	0.782337533	0.5639266	-0.804940771	0.193819936	0.414075852	0.578551483	0.38414585	0.435980915	0.78352553	0.856600726	-1.75415293	-1.778867285	0.1865883	0.6871186	0.73470166	0.405395578	0.01174202	1.083167381	-2.686623442	0.467505571
0.59955	0.243411737	0.549095917	0.376680626	0.609138531	0.650964922	0.75397602	-0.219743214	-0.011494129	0.568175952	0.385344505	0.51407505	0.42050159	0.879532366	0.959012137	-1.654757666	-1.679757617	0.12520145	0.5377911	0.59589502	0.213617784	-0.469999695	0.67701698	-2.642016738	0.629999757
0.703583333	0.316176471	0.55619751	0.195944457	0.638285434	0.749329144	0.67004314	-0.663435943	0.127478799	0.552851041	0.533454514	0.449649875	0.45101112	0.782552594	0.857057757	-1.728403223	-1.75315918	0.17331135	0.6441616	0.594046387	0.345858554	-0.306335259	0.965725385	-2.676026291	0.514477014
0.705283333	0.470588235	0.666550751	0.253251047	0.744174457	0.725991611	0.48793306	-0.684567486	0.16352626	0.414436499	0.579025841	0.34559505	0.51898426	0.69881515	0.770100167	-1.728284863	-1.753383447	0.17338585	0.6426506	0.673209228	0.367004633	-0.13070755	0.969592106	-2.680614216	0.506687536
0.534433333	0.390352922	0.531262817	0.138637866	0.639498466	0.558612489	0.58199754	-0.0065672	-0.032843415	0.520359993	0.357106972	0.3899454	0.58801508	0.695160017	0.770158483	-1.601255762	-1.626708594	0.08641375	0.4671507	0.551868652	0.170160522	-0.547988701	0.502251492	-2.626263255	0.682036314
0.72895	0.236647045	0.578775024	0.685254574	0.6304691	0.808453644	0.76393594	-0.764717857	0.133805049	0.566739241	0.532115364	0.51374275	0.399485885	0.899165876	0.977038086	-1.745506787	-1.769907129	0.18237425	0.6724976	0.62210132	0.362686231	-0.276125336	1.039654657	-2.679230796	0.489596757
0.518366667	0.377529425	0.668855286	0.749173463	0.76781494	0.5708927	0.5980145	-0.009165114	-0.073740216	0.391817252	0.345904732	0.36350925	0.491021635	0.827101004	0.906061244	-1.587760693	-1.613129541	0.0766207	0.4502885	0.681321044	0.136445449	-0.558624076	0.460944797	-2.620573238	0.69364815
