0.612833333	0.391000018	0.638761749	0.649508386	0.646347657	0.493271233	0.41421524	0.6927758	0.395777226	0.557606379	0.45031786	0.298879925	0.50906217	0.67023577	0.71362235	0.475045117	0.265502734	0.50895705	0.8227043	0.53472168	0.462218659	0.277904129	0.513389745	0.813694096	0.582045264
0.735633333	0.336117632	0.538129883	0.840370156	0.67479806	0.451084389	0.48387398	0.694540943	0.604822645	0.558854739	0.719361877	0.2851783	0.48635012	0.726031669	0.765941546	0.515198828	0.284558594	0.53827355	0.875672	0.444931641	0.63761614	0.497167587	0.764683899	0.868289764	0.461892521
0.638733333	0.251823538	0.416735687	0.742047426	0.692925851	0.500885067	0.57787052	0.660190786	0.41093029	0.675672213	0.599263382	0.3225534	0.49583113	0.741182757	0.784288364	0.52942168	0.309683203	0.51661025	0.8234583	0.346182373	0.479558921	0.323522759	0.565472648	0.840280658	0.544224843
0.686816667	0.304294138	0.680283966	0.834586466	0.734915597	0.465839189	0.53383936	0.650715357	0.491349438	0.459588845	0.62068882	0.303275775	0.409353435	0.865456891	0.905553431	0.515788086	0.294541016	0.5275924	0.8590363	0.562184326	0.546635299	0.409057045	0.663465823	0.866792332	0.508767743
0.759316667	0.423411762	0.40425705	0.715056873	0.617310269	0.450637689	0.35787454	0.744563714	0.668926777	0.677952448	0.771820068	0.234970325	0.66086149	0.52749414	0.569934989	0.497841406	0.262920117	0.5438198	0.885617	0.331295898	0.687192788	0.540320588	0.8144178	0.832642013	0.439929486
0.7275	0.31964706	0.693736572	0.82109119	0.658228586	0.454835511	0.52190772	0.6730671	0.57745	0.484167576	0.63302021	0.333222625	0.409908055	0.835191824	0.873623186	0.485149024	0.261808789	0.53628575	0.88441	0.56872168	0.617341045	0.482328415	0.747698938	0.862661719	0.4794397
0.668316667	0.280705901	0.599352112	0.11548101	0.584151437	0.478427356	0.5700945	0.681491786	0.466064841	0.604770342	0.515839577	0.38244415	0.426035585	0.792575474	0.832636719	0.398470898	0.189674219	0.52630495	0.8568935	0.497084473	0.526458678	0.375913239	0.625562874	0.663260973	0.537229807
0.748216667	0.435823553	0.596217957	0.454790823	0.684303503	0.437937589	0.34994474	0.724534857	0.644298904	0.508928935	0.727355194	0.23715485	0.547923505	0.644362304	0.685113003	0.46673125	0.237126367	0.5420078	0.8802556	0.493803223	0.667547289	0.520055771	0.791057222	0.759140284	0.452927129
0.729716667	0.429294138	0.706204376	0.084634664	0.659868163	0.451626789	0.36990156	0.7022027	0.59288475	0.472720305	0.632957458	0.2848624	0.484377205	0.698219587	0.737960937	0.39963418	0.181192578	0.5372156	0.8815281	0.58127417	0.628551073	0.486363411	0.752323239	0.654613689	0.479546993
0.77855	0.308411766	0.707279816	0.53769038	0.66840088	0.430903244	0.54185024	0.6778244	0.670975768	0.450747331	0.726805687	0.334942225	0.401279985	0.883433176	0.920847377	0.456444336	0.228833203	0.54450525	0.9165131	0.573777588	0.694655556	0.575782204	0.855108854	0.782164793	0.42764795
0.697916667	0.363235305	0.39489357	0.61866204	0.646892789	0.472785444	0.43403854	0.704087057	0.53506953	0.687375068	0.688512802	0.257328025	0.63107407	0.582836774	0.626192243	0.502489648	0.275950391	0.5337138	0.8481972	0.321314942	0.579896666	0.428789139	0.686327781	0.805274017	0.495142121
0.705316667	0.239411746	0.437468262	0.585887796	0.733113143	0.476009722	0.59606662	0.656558314	0.515295945	0.611583551	0.739990616	0.3113656	0.45404619	0.807919084	0.848473911	0.515497266	0.288445703	0.53582085	0.8557432	0.362541992	0.568258932	0.442178154	0.701619165	0.795876739	0.479208521
0.527033333	0.352058804	0.657461548	0.163678427	0.586512277	0.530587711	0.46971192	0.699099843	0.198020906	0.618841648	0.273075962	0.3596871	0.49270308	0.682441824	0.728028739	0.406346484	0.217182226	0.46884905	0.7903926	0.552520996	0.305996036	0.129891586	0.344358381	0.67704672	0.662775929
0.7534	0.255941166	0.735265656	0.211875843	0.604998606	0.437887922	0.61593404	0.669613429	0.602003119	0.480980396	0.629566956	0.3980844	0.383917155	0.950406529	0.987393136	0.398454297	0.18024707	0.54076805	0.9048842	0.590104004	0.642064662	0.529515839	0.801954622	0.690209101	0.460803886
0.624683333	0.406882342	0.572364502	0.22537112	0.572255511	0.4884012	0.39365044	0.712937486	0.415295543	0.636340618	0.447506142	0.315630325	0.57523912	0.594674386	0.638510044	0.414637305	0.207895703	0.5109389	0.8278154	0.477244629	0.479895003	0.298799324	0.537158277	0.694580483	0.576206993
0.584733333	0.359705869	0.389712524	0.290919607	0.650649066	0.516990233	0.43409218	0.700751743	0.311592163	0.735774835	0.489853191	0.26297855	0.654974935	0.554191964	0.601036133	0.471030664	0.261499219	0.4994143	0.7952385	0.325477051	0.397224018	0.228897668	0.457437884	0.712738553	0.595214914
0.744516667	0.245294122	0.723839722	0.21380374	0.731152691	0.428322033	0.61589112	0.659667971	0.578167055	0.41424799	0.712273598	0.33745755	0.38142568	1.007655553	1.045499303	0.44388457	0.220568555	0.5403657	0.8896016	0.584127686	0.621098052	0.513287354	0.783290394	0.691096053	0.454082607
0.732683333	0.35558824	0.660551147	0.350684403	0.756166643	0.446861733	0.45992484	0.679263429	0.584428775	0.442869345	0.723888016	0.259151925	0.43639487	0.80062765	0.840002371	0.46829043	0.24246543	0.538056	0.876119	0.547301025	0.621882093	0.491781998	0.758517777	0.729925794	0.462301236
0.637983333	0.286000028	0.616981812	0.078850974	0.702501046	0.486319344	0.5517756	0.654664586	0.379416186	0.531929811	0.535242844	0.325585775	0.42578405	0.827023856	0.868771763	0.430966016	0.221849024	0.51519165	0.8346819	0.51555835	0.457971506	0.322231484	0.563957556	0.653211704	0.552961179
0.765233333	0.254764725	0.425013733	0.70541739	0.662981306	0.462257278	0.58593502	0.666119743	0.646367528	0.643683434	0.803684807	0.336646925	0.46641773	0.770532506	0.809788923	0.505874024	0.272388867	0.5438198	0.8964233	0.346542725	0.675143779	0.551190757	0.82690659	0.829932209	0.42633835
0.69125	0.263588232	0.664720612	0.418160787	0.763433663	0.4528573	0.58208932	0.652666971	0.479711211	0.445471764	0.658150101	0.30234445	0.400025605	0.934322544	0.974331334	0.485633398	0.265374414	0.53099585	0.858777	0.547232666	0.539095821	0.416868019	0.672586064	0.748274121	0.500059929
0.522583333	0.288352966	0.476918564	0.107769424	0.72811384	0.542805344	0.52775016	0.654282257	0.162865967	0.651193778	0.400364017	0.29353935	0.52616781	0.703692383	0.751149414	0.466110547	0.268336719	0.4758824	0.7681988	0.407385986	0.279622853	0.122361946	0.335738514	0.661652961	0.639142686
0.737116667	0.469411738	0.503831482	0.637941006	0.656983469	0.445217633	0.2940165	0.7445833	0.623715581	0.584881624	0.723073196	0.21351415	0.646543265	0.544959681	0.587422573	0.491120703	0.259468555	0.5415399	0.8689605	0.42018457	0.649383127	0.499738502	0.767786785	0.810577926	0.463365607
0.7963	0.346764733	0.681278687	0.67071525	0.740765903	0.425893144	0.48194398	0.687912057	0.719029725	0.421827952	0.819792366	0.2727865	0.417452215	0.8396875	0.877432339	0.493758789	0.258344336	0.54692815	0.9167724	0.558225342	0.730969683	0.608493996	0.892901823	0.819921527	0.400256207
0.6121	0.46470586	0.714510345	0.547329863	0.614422783	0.490363844	0.31611076	0.7285505	0.38707659	0.535110156	0.403237534	0.301585975	0.535591305	0.614172573	0.657839983	0.440629102	0.235030664	0.51000905	0.8293145	0.596665527	0.456429952	0.276597976	0.511922213	0.784831816	0.590246864
0.66315	0.469999986	0.560920868	0.360323887	0.736831054	0.467695544	0.28602114	0.709602186	0.469150476	0.525006453	0.624124527	0.18788265	0.631567595	0.582196707	0.62678976	0.480472852	0.259947656	0.5259086	0.8316659	0.473095947	0.523623868	0.366647149	0.615022096	0.732094235	0.527923821
0.645383333	0.272470586	0.642926178	0.475997687	0.681181989	0.475641167	0.57579866	0.664190257	0.413418414	0.522642136	0.528055668	0.347748275	0.410343765	0.862902064	0.904050084	0.469366406	0.25721875	0.51736425	0.8413248	0.53382959	0.482736162	0.335305024	0.578924466	0.765311667	0.549164786
0.743033333	0.281294094	0.376202469	0.38731444	0.743842077	0.476506433	0.53793302	0.685964686	0.602578564	0.64806509	0.828598213	0.271955025	0.528449775	0.7096589	0.751283761	0.492728711	0.260784766	0.5391617	0.8753978	0.304955322	0.637924503	0.510527229	0.780179478	0.740014781	0.440105743
0.768183333	0.403941155	0.702059021	0.599383073	0.57571568	0.443167567	0.41801682	0.726302557	0.681032499	0.516714414	0.638276482	0.3358497	0.453956185	0.708686523	0.746348773	0.427287695	0.202639844	0.542431	0.9080075	0.573757812	0.699990643	0.556564521	0.833142964	0.79990531	0.451437014
0.578066667	0.388647079	0.375181656	0.76903798	0.652249931	0.5164273	0.39209834	0.732807129	0.311184565	0.749951363	0.483133793	0.245652975	0.683659375	0.511983677	0.559251674	0.526588672	0.312826172	0.50047825	0.7884972	0.317805664	0.39256667	0.217361069	0.444248206	0.847416191	0.601142593
0.665366667	0.322588248	0.777816925	0.273568537	0.616262906	0.469447589	0.52781572	0.679538457	0.443192814	0.482217789	0.473967361	0.369799025	0.40685183	0.84771596	0.887704101	0.404014844	0.197009375	0.5212505	0.8620374	0.631647216	0.509719127	0.37072506	0.619542038	0.708121589	0.5444739
0.7852	0.277176464	0.595163879	0.310198573	0.690019531	0.434095078	0.57195534	0.6805858	0.675116549	0.502885501	0.796056938	0.32544125	0.407939615	0.868872629	0.906424247	0.449329297	0.219358398	0.5450357	0.9129338	0.488483887	0.699015426	0.587949563	0.869240909	0.718849509	0.411992364
0.6269	0.295470574	0.76431488	0.701561596	0.766848146	0.471042678	0.54576388	0.655550143	0.386675558	0.413501263	0.513854408	0.303554425	0.400304555	0.923396206	0.96547154	0.507901953	0.295352734	0.51109085	0.831946	0.626202636	0.458050956	0.302715874	0.541615837	0.82927773	0.562296971
0.592866667	0.326705876	0.751885834	0.354540197	0.68598284	0.492108278	0.5096816	0.676441571	0.306347466	0.478827953	0.408101082	0.332975275	0.418762625	0.829265764	0.872350864	0.443564258	0.24189375	0.5004246	0.8224838	0.621239256	0.395807158	0.243223571	0.473573324	0.7312346	0.59794225
0.7312	0.438764684	0.75082489	0.36417968	0.675794851	0.448457144	0.35990468	0.708895443	0.601750486	0.441168308	0.630374908	0.280982125	0.468885065	0.716009207	0.755471261	0.429212891	0.208515039	0.5373378	0.8833669	0.6157854	0.634503068	0.489050675	0.755419703	0.733650287	0.478924121
0.5078	0.33729413	0.652251282	0.697705803	0.741449846	0.530883089	0.4716443	0.677570643	0.160486189	0.532295863	0.333133507	0.282741975	0.48467225	0.743238141	0.790463727	0.519525195	0.32264375	0.4646559	0.7680886	0.55298169	0.272975848	0.097295189	0.307206488	0.828359879	0.6600422
0.65575	0.401000023	0.413578262	0.152111047	0.742691129	0.480587689	0.3720366	0.709452329	0.471333521	0.628254573	0.667746735	0.19619305	0.656544925	0.569841379	0.615182477	0.476323047	0.254994141	0.52377175	0.8207463	0.346432373	0.523965915	0.353497505	0.599958999	0.673628581	0.526860729
0.65945	0.393352957	0.724903717	0.192596877	0.58913644	0.478318744	0.42580834	0.706742871	0.469478053	0.531377633	0.460335922	0.3474905	0.459804295	0.708149833	0.748950056	0.389137891	0.182821875	0.520121	0.8556538	0.597747803	0.526235338	0.360239601	0.607485539	0.685453407	0.551596657
0.614316667	0.235882366	0.564006805	0.287063813	0.702884346	0.498972744	0.61391464	0.6444228	0.345276561	0.575247447	0.512608719	0.3473996	0.4174248	0.864197684	0.906498186	0.463161719	0.253932422	0.50798845	0.8199208	0.472918213	0.428290407	0.280483818	0.516359365	0.711951388	0.570300593
0.57215	0.366823533	0.76121994	0.19645267	0.629124583	0.514495789	0.45772782	0.685888057	0.271761821	0.522289594	0.333196926	0.3510623	0.438717065	0.747421039	0.790928571	0.40135625	0.20679668	0.4887421	0.8172147	0.631750488	0.368068549	0.207281304	0.432569602	0.686660829	0.62579465
0.773366667	0.299588259	0.559891205	0.504916136	0.641647949	0.444575889	0.54195156	0.692502471	0.663601282	0.558054288	0.750604439	0.32760935	0.42994237	0.790804827	0.828755161	0.459289453	0.23027832	0.544088	0.9083204	0.462019287	0.688733323	0.566132355	0.844116081	0.773657008	0.428893686
0.59435	0.245882371	0.709346924	0.258145363	0.700300294	0.486736911	0.61184992	0.654679057	0.31255174	0.490513643	0.436004543	0.363705925	0.397863745	0.93664774	0.979482701	0.447884961	0.245389258	0.50112795	0.8220248	0.584733398	0.399999907	0.245738601	0.476521276	0.703981743	0.592528871
0.65205	0.470588235	0.488278351	0.493348757	0.627865863	0.4798827	0.29003252	0.739900929	0.4546125	0.64600118	0.555831623	0.23309875	0.670550525	0.50542606	0.550050503	0.469298242	0.251305469	0.52222205	0.8288138	0.414421631	0.510463402	0.346962929	0.592442473	0.769963029	0.546203293
0.618016667	0.239999995	0.537093964	0.186813187	0.632136929	0.5009354	0.61195602	0.662061514	0.358281358	0.635936578	0.48264513	0.376357025	0.427417515	0.816171876	0.858186663	0.432256055	0.225987109	0.5105008	0.8272909	0.450454346	0.439071015	0.287052536	0.523773748	0.683395869	0.572819743
0.6883	0.323764689	0.729036407	0.54925776	0.730672434	0.457652489	0.5118536	0.670075786	0.490789115	0.434260051	0.605394745	0.2990647	0.408353565	0.864988141	0.904946707	0.47742832	0.259176758	0.52730335	0.861352	0.598564942	0.54639831	0.411715507	0.666515731	0.786032187	0.51042475
0.660916667	0.376235289	0.754976654	0.181029497	0.671057129	0.469862833	0.44584622	0.697373014	0.468155763	0.465536753	0.50774889	0.316029675	0.431344865	0.775942941	0.816731446	0.411669531	0.202544726	0.5210508	0.8523129	0.621563232	0.524224073	0.362815475	0.610471805	0.682092853	0.543424864
0.780766667	0.282470591	0.584786072	0.614806246	0.770975517	0.441286044	0.55394402	0.6532758	0.670621674	0.466411908	0.849449921	0.279934575	0.41243291	0.880736467	0.919072266	0.511069726	0.275605078	0.54439795	0.9054236	0.483168701	0.6936141	0.579775429	0.859815944	0.803650238	0.406054464
0.7201	0.428705889	0.523551788	0.823019086	0.752776229	0.450570133	0.34403076	0.6991833	0.57938882	0.520779927	0.753913307	0.190354775	0.60355729	0.625831194	0.66880692	0.541783203	0.308567969	0.5385895	0.8579098	0.435801758	0.613525468	0.468849373	0.732287456	0.862875945	0.469140021
0.7571	0.439941182	0.730058746	0.732407943	0.759300363	0.435308033	0.34991254	0.704246286	0.658807526	0.396737576	0.743344307	0.22123445	0.47240144	0.738895369	0.778357283	0.500030859	0.267901758	0.54305685	0.8889549	0.6005354	0.678865168	0.536297799	0.809745497	0.837621162	0.442563586
0.69865	0.398647084	0.613871155	0.281280123	0.633648509	0.460393967	0.40805808	0.708140171	0.534269025	0.547002792	0.597605801	0.29186445	0.508511425	0.668619559	0.709469169	0.429836719	0.212790039	0.53191675	0.8635335	0.509733398	0.580271681	0.430159569	0.687841355	0.710043876	0.506926386
0.56845	0.405705901	0.412539825	0.269712743	0.782947474	0.522318233	0.35809864	0.692813257	0.278874705	0.642381827	0.530533886	0.178316125	0.675667285	0.550856446	0.599165319	0.502104102	0.290258398	0.49723575	0.7780306	0.355498535	0.36822394	0.200650406	0.425279378	0.706472846	0.599530714
0.689766667	0.247117659	0.665777435	0.229226913	0.670004883	0.4563349	0.61181894	0.659587071	0.473334761	0.498900572	0.591875362	0.367061675	0.396341445	0.927787947	0.9672101	0.435167969	0.22080625	0.5290885	0.8643262	0.545229736	0.536015205	0.414388275	0.669532954	0.6952331	0.510763643
0.70605	0.289529408	0.478938599	0.17331791	0.77192906	0.468407811	0.53003778	0.655123543	0.516928544	0.553618113	0.755031204	0.264762225	0.48254049	0.776677734	0.817997629	0.477356445	0.252623047	0.53510855	0.8541011	0.398073486	0.56897064	0.443453789	0.703136709	0.679153206	0.476631043
0.5322	0.410411779	0.594164429	0.726624253	0.691436246	0.515363689	0.3716611	0.709907014	0.208383568	0.580059528	0.363495827	0.25847095	0.59457338	0.61398856	0.66175014	0.514688867	0.312401758	0.47690465	0.775557	0.503837402	0.311191121	0.138736725	0.354384641	0.836474145	0.642954829
0.692	0.343235296	0.57030014	0.2947754	0.578311594	0.469205522	0.4861044	0.698135957	0.51085042	0.613055388	0.563922405	0.34107555	0.48803544	0.692440709	0.732827567	0.420223633	0.205658203	0.53098095	0.8637302	0.471734619	0.563533685	0.418246841	0.674130384	0.713677657	0.515927536
0.515933333	0.414000006	0.69688736	0.605166763	0.759641463	0.531370856	0.36613574	0.680015286	0.179954161	0.494808038	0.339853287	0.2416222	0.521186055	0.678471121	0.725902064	0.503345703	0.305736328	0.47358765	0.7716023	0.591362549	0.287795402	0.11090107	0.322884143	0.80134448	0.655539071
0.64095	0.349705864	0.631520844	0.842298053	0.682280623	0.474894456	0.4678022	0.695188086	0.421000276	0.528871854	0.525413895	0.297905375	0.47079301	0.740330776	0.782527344	0.510732031	0.29461875	0.51576985	0.8345895	0.526879639	0.486494152	0.327467155	0.569952992	0.868906671	0.553872279
0.602483333	0.315470584	0.634621582	0.37574706	0.73435512	0.499869467	0.50970306	0.651282443	0.342998488	0.514816602	0.488127899	0.298765175	0.443673195	0.794477679	0.837921039	0.473958789	0.266448047	0.5036671	0.8181714	0.533739502	0.422867217	0.259907531	0.492713939	0.736860033	0.581353
0.508533333	0.390411769	0.471661224	0.227299017	0.685152414	0.538704544	0.390098	0.7050552	0.164193501	0.67820247	0.356991577	0.253175075	0.65408087	0.556672014	0.605708566	0.47050957	0.272988281	0.4701127	0.7565342	0.404692627	0.275586274	0.098406982	0.308618062	0.694729163	0.657714643
0.616533333	0.244705874	0.715558624	0.718912666	0.619494629	0.483403356	0.62176814	0.664160457	0.34247691	0.529134909	0.419153309	0.4056393	0.39329684	0.919462611	0.96080678	0.469814453	0.264105859	0.50682915	0.8373134	0.586328125	0.427775162	0.284502411	0.520800113	0.833130555	0.581545014
0.739333333	0.276000023	0.388665619	0.244650087	0.67246338	0.467805144	0.5500411	0.684154414	0.592182412	0.672115327	0.779336166	0.307141125	0.511051775	0.707987304	0.748751256	0.463733789	0.235825586	0.5405892	0.8778088	0.316025879	0.630702257	0.503745843	0.772426681	0.699327831	0.450212564
0.55735	0.238235305	0.43229866	0.63601311	0.735489329	0.532197367	0.59173336	0.646001471	0.238820111	0.669886272	0.477233219	0.32281565	0.49374676	0.759672991	0.805702427	0.530951172	0.322879102	0.4895855	0.7849299	0.36577417	0.340407166	0.181785965	0.403468801	0.810948685	0.609400393
0.790383333	0.277764713	0.689580994	0.452862927	0.73901716	0.419598567	0.57395448	0.670303143	0.685729544	0.415444215	0.809918976	0.311919925	0.39194262	0.949430246	0.98682087	0.473112305	0.241035156	0.54573905	0.9161823	0.559254394	0.706741602	0.597533608	0.880278556	0.75838751	0.405347293
0.730466667	0.238823554	0.591022491	0.516483516	0.709923271	0.446060711	0.61383596	0.662724829	0.558769364	0.507351399	0.716699028	0.341832525	0.400372505	0.919200893	0.95778418	0.48621582	0.260202344	0.5372156	0.877323	0.486479736	0.604512362	0.48776741	0.753888666	0.776785729	0.463950157
0.692733333	0.296647072	0.57133667	0.296703297	0.719795271	0.468783	0.53405514	0.662743571	0.492768846	0.529346466	0.659350967	0.295990575	0.43754077	0.805652064	0.846001674	0.464181641	0.244572656	0.53191375	0.8569174	0.476955566	0.549429212	0.419524003	0.675640783	0.714286547	0.499891757
0.7349	0.292470595	0.529800873	0.68806632	0.580059291	0.462563578	0.5518972	0.689607386	0.59160151	0.629523436	0.650176239	0.36151545	0.447873235	0.748660854	0.787273577	0.466704883	0.242398633	0.5381365	0.8843623	0.437008545	0.630263217	0.495780945	0.763150483	0.824897372	0.472501293
0.766716667	0.236470615	0.67508316	0.437439753	0.645963309	0.432249322	0.6339418	0.667088743	0.630052934	0.484757105	0.704320526	0.3804921	0.38241154	0.966285993	1.003107421	0.444705469	0.219201562	0.54335785	0.9050958	0.545477295	0.664059837	0.553925324	0.830041598	0.754147365	0.439275964
0.591383333	0.265352922	0.430222473	0.24850588	0.589745746	0.517628667	0.57174674	0.680598571	0.304108363	0.749678453	0.448535728	0.36995995	0.51225817	0.683698521	0.727891741	0.441245898	0.236695703	0.50066305	0.8110039	0.359220215	0.395867243	0.240633582	0.470626981	0.701401577	0.594679321
0.5655	0.297235321	0.757049561	0.252361673	0.583398089	0.511776156	0.55767646	0.677835471	0.241441146	0.550919056	0.301121426	0.404600675	0.412232935	0.82818178	0.87136063	0.399380078	0.207517188	0.48388135	0.8192443	0.62279248	0.346095313	0.195825005	0.419474079	0.702359503	0.635398657
0.595816667	0.414588255	0.784058685	0.32369385	0.704132951	0.493800056	0.38579216	0.695411171	0.333564928	0.453784784	0.411169243	0.29053825	0.464776815	0.73255985	0.77620452	0.436684375	0.234117969	0.5012084	0.8215629	0.64893506	0.414972256	0.248332405	0.479437687	0.722372904	0.596914071
0.589166667	0.265941171	0.395974197	0.20223636	0.760518274	0.533759011	0.55380096	0.6524524	0.30981903	0.68034172	0.547848606	0.287648925	0.542602005	0.706101563	0.752232561	0.481331836	0.270909961	0.4990239	0.7970058	0.330523438	0.397131697	0.236744881	0.466227021	0.688104239	0.582347543
0.636516667	0.436999994	0.67406723	0.805668016	0.69796596	0.478588956	0.34809342	0.706032714	0.438911809	0.497195403	0.510672379	0.253394125	0.52003747	0.658962611	0.702163783	0.502277148	0.286743555	0.5174328	0.8312963	0.564738037	0.496672349	0.319513703	0.560995898	0.858025207	0.559797829
0.54035	0.243529432	0.669889374	0.499132447	0.632815989	0.519967489	0.61566582	0.660974157	0.186636518	0.576773167	0.318402863	0.3988682	0.40922141	0.871288783	0.915770229	0.459679883	0.265659375	0.47540555	0.7989638	0.559353516	0.301370304	0.152615738	0.370239959	0.771982056	0.64487665
0.6809	0.287176469	0.646040497	0.35839599	0.616814663	0.468370733	0.56381574	0.674674714	0.470418154	0.547706286	0.544007969	0.369739425	0.4138366	0.828817941	0.868469309	0.431216211	0.218594531	0.52522015	0.8628302	0.533223144	0.532432311	0.398452377	0.651316474	0.732023445	0.524441207
0.6343	0.396882338	0.651183624	0.315982263	0.726776297	0.478098533	0.40006032	0.689371514	0.422066986	0.493351618	0.534626102	0.25124835	0.503059985	0.70320731	0.74644015	0.461255859	0.24864375	0.5168278	0.8281075	0.544823975	0.484945847	0.31557064	0.556522743	0.719941014	0.557260379
0.5862	0.262411791	0.55677536	0.78060536	0.749575543	0.510268822	0.57205668	0.644258471	0.293004476	0.561854045	0.494707584	0.31131345	0.43603903	0.823669224	0.867655134	0.534260352	0.323524609	0.50146175	0.8070611	0.472253662	0.384487219	0.231446266	0.460343977	0.851252834	0.590205564
0.678683333	0.309588208	0.725935669	0.267784847	0.719466726	0.462368878	0.5318748	0.656310529	0.461957278	0.442988872	0.582465172	0.313421975	0.40685123	0.879682199	0.919913504	0.444313672	0.230188672	0.52437375	0.8583479	0.595226318	0.524654742	0.394464874	0.646771341	0.706530153	0.519686886
0.548483333	0.412235316	0.405325241	0.30055909	0.593577706	0.533748411	0.3677236	0.731580114	0.23373385	0.778812567	0.385839367	0.275254125	0.688555895	0.478968471	0.526561244	0.451037305	0.248971094	0.48549665	0.7794731	0.348378174	0.333432263	0.166601944	0.386111299	0.715594925	0.631764057
0.62985	0.399823525	0.541189728	0.753614806	0.716661551	0.478301856	0.38604488	0.6987022	0.417192062	0.561731656	0.561201286	0.2366333	0.587562085	0.633586636	0.678466797	0.525844141	0.306680469	0.5157639	0.81748	0.453511475	0.479342944	0.307720756	0.547553653	0.843228725	0.557310614
0.520366667	0.424000011	0.611795197	0.74011953	0.607950963	0.524576589	0.35964838	0.724688114	0.179577474	0.627374808	0.29085741	0.3043397	0.60204005	0.577293527	0.624830636	0.48681875	0.290199609	0.4681517	0.7763349	0.517789062	0.288590547	0.118622399	0.331450129	0.840219599	0.664143429
0.560316667	0.445823557	0.448914642	0.154038944	0.727262486	0.520931756	0.31009546	0.719059743	0.258064701	0.651059946	0.470088673	0.192417075	0.68516052	0.512506417	0.560634207	0.468316211	0.261219531	0.49564435	0.7779949	0.39104126	0.352295658	0.186795044	0.409289228	0.674262598	0.61267865
0.706783333	0.307823518	0.667777557	0.094274147	0.76503662	0.4514642	0.52399984	0.664431229	0.514758364	0.441027959	0.683703041	0.28391915	0.41401601	0.871276926	0.911063756	0.445458789	0.225931055	0.53429495	0.8649253	0.551765381	0.567296461	0.44480362	0.704654647	0.65694096	0.485979186
0.7778	0.460588231	0.458213196	0.674571043	0.728464354	0.440557211	0.29994956	0.7276343	0.701851371	0.56302166	0.864875984	0.168448575	0.654385745	0.55829813	0.600995117	0.518791602	0.278540039	0.5455334	0.8906387	0.381974121	0.712901233	0.574324226	0.853517044	0.821307948	0.41087605
0.5544	0.276588215	0.441632919	0.790244843	0.590957729	0.534283533	0.5556034	0.679056514	0.33097894	0.75560681	0.383948708	0.3641172	0.52408105	0.663658343	0.709199219	0.503026562	0.299757812	0.4866023	0.7925503	0.372302978	0.402742669	0.176711464	0.397687458	0.854585865	0.625851271
0.731933333	0.329058815	0.699980469	0.177173703	0.573606654	0.454049389	0.51993718	0.692820929	0.576804756	0.527929465	0.579360008	0.371524575	0.415945115	0.79837514	0.836301897	0.384614453	0.169883008	0.53714405	0.8928858	0.571087158	0.619513584	0.49035759	0.756951134	0.680772357	0.4851511
0.7889	0.37388235	0.601383972	0.65914787	0.67736084	0.433017222	0.44194688	0.702468357	0.716765759	0.502086957	0.790423203	0.27693795	0.475930335	0.73126423	0.770057896	0.483343945	0.249186524	0.5460192	0.9122573	0.495011475	0.728496667	0.594803047	0.877117864	0.81693906	0.411691357
0.669066667	0.275411774	0.387677841	0.45671872	0.59762486	0.489420444	0.5558752	0.692147386	0.460424681	0.745606105	0.603130341	0.34472335	0.5343256	0.666219866	0.708532646	0.469809375	0.251342774	0.52406385	0.8411669	0.315735108	0.522909977	0.377334022	0.627094611	0.759728299	0.525552836
0.564016667	0.454647064	0.420836258	0.325621747	0.669271763	0.522974544	0.30006042	0.746201986	0.30123792	0.710481008	0.448854542	0.21591175	0.694656135	0.472032646	0.519557617	0.471150781	0.26349375	0.49544465	0.7820003	0.369417236	0.382389734	0.193114471	0.416557435	0.722312107	0.614325864
0.795566667	0.310764705	0.491406097	0.402737613	0.745964354	0.438784311	0.50996414	0.6788564	0.709815633	0.53210179	0.897631645	0.26153165	0.476433695	0.771115513	0.810442941	0.489327734	0.251665625	0.54733945	0.9062521	0.404315918	0.724822079	0.607132911	0.891335859	0.744323136	0.388757193
0.722316667	0.35911762	0.688567352	0.377674957	0.679511369	0.459512156	0.46593894	0.6735831	0.566169509	0.476518313	0.638916779	0.30276615	0.43089664	0.781634766	0.820708007	0.440794531	0.220841602	0.5354364	0.8791559	0.568068115	0.608244248	0.472949791	0.736899755	0.737364552	0.4826277
0.650566667	0.330235313	0.748763428	0.539618276	0.64768206	0.479930389	0.50977578	0.667340786	0.420957029	0.485159397	0.477043438	0.345455	0.412353935	0.82584389	0.866577289	0.446458789	0.237356445	0.51804675	0.8516811	0.614625976	0.49028696	0.344415855	0.589431904	0.783395066	0.553345629
0.671283333	0.246470564	0.46237854	0.686138423	0.613598631	0.488083967	0.59987894	0.669182571	0.456666559	0.680027167	0.587785339	0.372570625	0.45533097	0.765694057	0.806497769	0.489177539	0.270861524	0.52433205	0.8487664	0.383833252	0.520965347	0.381298065	0.631624148	0.824795437	0.524947421
0.690516667	0.425764701	0.650191803	0.371891267	0.783649903	0.458006811	0.35607448	0.6880815	0.518219331	0.442509015	0.671526146	0.203312825	0.51103002	0.702755999	0.744838727	0.482020312	0.259808398	0.5316515	0.8505754	0.543840088	0.564914881	0.415568543	0.67107646	0.735618054	0.501009343
0.646866667	0.420470574	0.452996979	0.43936765	0.572565917	0.480334378	0.36596766	0.743285629	0.457615671	0.708213012	0.526996517	0.2832337	0.655979275	0.519298689	0.56358259	0.453838867	0.238324219	0.52001965	0.828638	0.377897461	0.513436329	0.337801361	0.58192941	0.754449594	0.553383093
0.693466667	0.254176476	0.607641449	0.59552728	0.62472168	0.462031111	0.60387006	0.672452314	0.49441858	0.56054163	0.585927582	0.38072305	0.406861065	0.864373466	0.90359947	0.467237109	0.249841602	0.5292852	0.8662515	0.501279053	0.552031953	0.421014976	0.677151576	0.798939111	0.509731207
0.787416667	0.378588228	0.610722046	0.142471564	0.6386077	0.440371111	0.44195284	0.694367243	0.703075725	0.521372795	0.753292465	0.29471355	0.47743386	0.716845284	0.755446707	0.409832617	0.182876953	0.54545295	0.9154462	0.501432129	0.719918433	0.592056846	0.873958783	0.670843729	0.418643393
0.575116667	0.457588252	0.4727211	0.44515134	0.755375977	0.506495844	0.29209128	0.726678071	0.298474273	0.6081961	0.506890106	0.17672915	0.68115628	0.526970424	0.574821569	0.508102734	0.295451758	0.49957825	0.7840924	0.410608154	0.382425195	0.212243461	0.438422151	0.756142701	0.599501336
0.70975	0.257117664	0.54954422	0.767110083	0.743420411	0.460453578	0.58386198	0.659463614	0.528181237	0.524371147	0.715434837	0.311122725	0.41736996	0.865192523	0.904930524	0.528097852	0.300882812	0.53422345	0.8624338	0.457628662	0.57766771	0.450309563	0.71079941	0.847598207	0.479144657
0.78225	0.270705896	0.685426941	0.101985734	0.667705774	0.427232267	0.58994998	0.670599457	0.661067576	0.460513592	0.743317795	0.354902325	0.39343959	0.930018973	0.967177456	0.410828906	0.186253906	0.5446632	0.9182684	0.554375	0.689198737	0.58249569	0.862967809	0.659511039	0.422131114
0.578816667	0.386235293	0.684425354	0.53190669	0.709027971	0.497432633	0.41562666	0.695171043	0.304672204	0.505166372	0.419742298	0.279882425	0.492718575	0.712125279	0.756944336	0.47987207	0.275093359	0.4958112	0.8070641	0.573892578	0.390377831	0.218836213	0.445730422	0.781400998	0.605707036
0.506316667	0.387999984	0.417811356	0.464430307	0.64800886	0.5448511	0.3921472	0.727414614	0.168317307	0.747234822	0.347450829	0.25990445	0.678168	0.516058036	0.56507673	0.491469336	0.292289062	0.47067895	0.7541441	0.360093994	0.277345244	0.094623566	0.304352462	0.761696272	0.6614659
0.509266667	0.274823525	0.557830658	0.684210526	0.620117189	0.542973889	0.56162348	0.677916357	0.152866096	0.66948986	0.294385433	0.367832075	0.47463542	0.735255301	0.781529854	0.49151582	0.298046484	0.46289455	0.7751964	0.47402832	0.270088162	0.099790191	0.31003003	0.824406553	0.666909936
0.538116667	0.391588211	0.498701019	0.528050896	0.577056011	0.5193433	0.40368428	0.733155386	0.222955991	0.715001107	0.33674984	0.3107651	0.635069965	0.548105469	0.595418666	0.468386133	0.268724805	0.4779358	0.780689	0.421684082	0.324511495	0.148846054	0.365890314	0.780331684	0.646261607
0.711233333	0.278941155	0.692727509	0.759398496	0.584797363	0.453195056	0.58192124	0.685985971	0.536493644	0.529223601	0.559257793	0.39037155	0.40091133	0.867910156	0.906204939	0.459567383	0.242156445	0.53334725	0.8817278	0.564026123	0.585728355	0.452919006	0.713874206	0.845180357	0.501806771
0.567716667	0.465882358	0.581652069	0.28899171	0.701765486	0.502657633	0.29201856	0.720146243	0.305460329	0.56798172	0.429436398	0.219599775	0.641100465	0.560155413	0.60739216	0.463579297	0.258191992	0.49576055	0.7909112	0.495985596	0.386421654	0.199479103	0.423835658	0.711968495	0.613108229
0.620233333	0.269470608	0.768523102	0.441295547	0.745138811	0.471603944	0.58167806	0.655049457	0.343208111	0.424935659	0.48904438	0.329095	0.39225167	0.95800586	1.000019253	0.473569141	0.265063281	0.5087365	0.8310668	0.627374268	0.427194187	0.291009331	0.528220496	0.755545585	0.56954745
0.740816667	0.362058808	0.540194702	0.495276653	0.779009486	0.452609278	0.43792716	0.670837029	0.609564205	0.496387799	0.800243187	0.216396025	0.50390935	0.72783817	0.768643973	0.50572793	0.273353516	0.5408902	0.871601	0.449710205	0.641145594	0.506586265	0.775533581	0.770578007	0.445333071
0.566966667	0.431647076	0.69066803	0.117408907	0.601963589	0.5166697	0.3597342	0.705963743	0.282986737	0.574855487	0.33049345	0.32248635	0.52920407	0.620442661	0.665357143	0.394180664	0.199081836	0.48719535	0.8086376	0.580126465	0.374390994	0.198320007	0.422359533	0.664070607	0.630575793
0.609133333	0.344411738	0.663680115	0.342972817	0.600387137	0.497763433	0.48577418	0.690372871	0.349530269	0.575943788	0.407127094	0.3513946	0.458257555	0.727467216	0.769994839	0.422717969	0.220191992	0.50456415	0.8313529	0.553050293	0.431019459	0.271543694	0.505989393	0.728007912	0.589419214
0.606916667	0.314882335	0.65953064	0.645652593	0.714798409	0.494568956	0.515772	0.663841143	0.339936279	0.510299841	0.476052284	0.309076775	0.43127513	0.805066127	0.847999023	0.494875586	0.285751172	0.50529135	0.8233331	0.552642822	0.422255197	0.267676163	0.501560647	0.813395668	0.580537271
0.607666667	0.465294109	0.474803238	0.221515327	0.612775531	0.501306933	0.2980875	0.738725014	0.353470702	0.684651057	0.473110962	0.243076575	0.680604935	0.487217773	0.533151786	0.436107812	0.226742969	0.5095322	0.8104496	0.406841308	0.430566062	0.268834878	0.503058693	0.69321614	0.585300957
0.577333333	0.468823545	0.519450073	0.66493156	0.659283971	0.502177822	0.28790584	0.741635429	0.29266598	0.632053057	0.438660431	0.230273475	0.670466185	0.513781529	0.560797433	0.498696484	0.288836328	0.49954545	0.7941209	0.446380615	0.379172409	0.216209603	0.442799327	0.818451839	0.607171607
0.5248	0.456411754	0.713477173	0.4104492	0.71378418	0.522137433	0.30964604	0.704893414	0.201959235	0.50558726	0.324791241	0.255273175	0.56456363	0.627395787	0.674960799	0.466162891	0.270038476	0.47176075	0.7773392	0.602022948	0.30525359	0.126140213	0.340030494	0.746982567	0.654309086
0.743783333	0.294294133	0.779868317	0.285135917	0.667300154	0.433840767	0.56386104	0.677809071	0.589494859	0.423841318	0.642803192	0.34966605	0.388417005	0.935567801	0.973237584	0.421889648	0.202110938	0.54246975	0.8957438	0.626040528	0.629585167	0.51203785	0.781752211	0.711268462	0.4658524
0.763016667	0.352647052	0.57960556	0.52033931	0.571458914	0.446269656	0.4779159	0.712354214	0.659787969	0.589381377	0.675354385	0.339217375	0.4754073	0.702092773	0.740432896	0.43765625	0.211464453	0.54286015	0.8992069	0.475287598	0.68430115	0.547122955	0.822224691	0.77775671	0.449272514
0.686083333	0.261235293	0.51737854	0.38153075	0.658630371	0.478479011	0.58209768	0.663882871	0.476315442	0.60645771	0.623934555	0.342953075	0.434058965	0.800355747	0.840530134	0.461268164	0.243276758	0.5312432	0.8559667	0.431614258	0.537453848	0.407642174	0.661958598	0.738057351	0.509632436
0.649083333	0.316647081	0.507006989	0.8153075	0.721102817	0.479761178	0.49776902	0.681806843	0.430757984	0.581734181	0.607597733	0.2766444	0.50281173	0.723606864	0.766572406	0.535688867	0.314171289	0.5203266	0.8287005	0.424875244	0.495049186	0.341856003	0.586422945	0.861346512	0.537191493
0.779283333	0.250058847	0.464430237	0.45093503	0.690660923	0.452496356	0.59395542	0.670901743	0.665772349	0.594433308	0.83341198	0.3312363	0.43143815	0.819624581	0.857970424	0.479600781	0.246462695	0.54442475	0.9042852	0.382565674	0.691703914	0.577041245	0.856665689	0.758212481	0.410720229
0.5899	0.419882325	0.73214859	0.772893773	0.591992189	0.501521844	0.3836309	0.7183564	0.359754483	0.549506664	0.349180508	0.3387137	0.49622035	0.660300084	0.703892579	0.457907812	0.255779688	0.49686625	0.8230709	0.60843164	0.432081761	0.238093376	0.467682249	0.849529878	0.613709807
0.663883333	0.464117667	0.619064636	0.597455176	0.660219377	0.464572922	0.30804506	0.724655771	0.478326979	0.535179297	0.555220413	0.244995825	0.592571555	0.595779716	0.63927832	0.475967383	0.257903125	0.52648975	0.8405648	0.516728272	0.531163843	0.36800518	0.616517017	0.79916664	0.537302614
0.714183333	0.252999979	0.749780273	0.472141893	0.699618791	0.440872789	0.61003318	0.6566971	0.524338489	0.427963098	0.627432442	0.356402875	0.382490515	0.988785436	1.027287249	0.460401562	0.241391992	0.5343337	0.8782439	0.60501294	0.576769146	0.458182144	0.719994034	0.764142083	0.4886665
0.7127	0.418117635	0.580641632	0.553113553	0.605952149	0.458036278	0.38002244	0.7147103	0.574903749	0.578187466	0.614727783	0.28704245	0.550035	0.621669224	0.66278962	0.455526758	0.233931055	0.53519795	0.868886	0.480972412	0.611977331	0.455452156	0.716916036	0.786697184	0.4953584
0.768933333	0.412823509	0.485193939	0.819163293	0.680552454	0.439367444	0.37596216	0.715420457	0.685613416	0.573717594	0.806181526	0.225391875	0.602410795	0.611084821	0.652865793	0.520864453	0.283530469	0.5446751	0.8928053	0.398602051	0.700879393	0.558009339	0.834729497	0.862167136	0.425789986
0.7386	0.324352938	0.598303986	0.526123	0.714075754	0.455765011	0.5019485	0.664011443	0.596522616	0.502206644	0.725882339	0.28993625	0.43838477	0.792919084	0.831996513	0.481314453	0.25394707	0.5389918	0.8804821	0.496335693	0.632792849	0.502517319	0.77089128	0.779181417	0.457458786
0.639466667	0.339647069	0.625286102	0.263929053	0.671403111	0.482522856	0.48408738	0.675573043	0.417499537	0.54121081	0.516533089	0.31252045	0.46653366	0.746177456	0.788294921	0.441744336	0.231422266	0.5181242	0.8360409	0.521283936	0.484344068	0.324724198	0.566954469	0.705323764	0.555817521
0.7741	0.41158822	0.698904266	0.770965876	0.640007323	0.4341123	0.40206184	0.722565343	0.696763613	0.474972407	0.69828701	0.300229975	0.460558295	0.722801897	0.761185269	0.469198438	0.239962891	0.5447556	0.9120487	0.572947754	0.711106351	0.567420769	0.845670135	0.848134678	0.437938264
0.79335	0.421647072	0.708263397	0.57239252	0.703475517	0.431079411	0.383948	0.704591143	0.728499606	0.429227193	0.773551369	0.2566411	0.46045786	0.741184013	0.779607003	0.464174414	0.23180957	0.5463381	0.9173744	0.580739014	0.737384584	0.603005981	0.886604767	0.792334596	0.411041243
0.788166667	0.401588215	0.440571518	0.466358203	0.747475237	0.435959378	0.37997474	0.712768043	0.723576993	0.560721874	0.909440231	0.187758975	0.61590737	0.620574219	0.662813337	0.505692578	0.265117383	0.54709805	0.8947157	0.360741455	0.731788299	0.593437195	0.87555587	0.762341359	0.3948539
0.513716667	0.329647064	0.588974457	0.233082707	0.730287389	0.534999122	0.4796504	0.667379957	0.162182056	0.575010141	0.354187965	0.28523345	0.506556095	0.714487444	0.761803431	0.468810742	0.273712695	0.46862255	0.7686608	0.502033447	0.276333773	0.10733242	0.318606541	0.697217034	0.653099964
0.5936	0.461764728	0.61802536	0.30634278	0.624366629	0.491184078	0.30969372	0.731064971	0.344384306	0.583439509	0.414608002	0.2748205	0.612201155	0.567510184	0.613137137	0.436028516	0.231118164	0.50278795	0.8111708	0.520101074	0.421633516	0.244537544	0.475030537	0.717093771	0.599881957
0.519633333	0.305470579	0.60557373	0.43358396	0.776038294	0.530881433	0.50966492	0.651122371	0.197295401	0.536782106	0.384976673	0.2838372	0.475687145	0.775668527	0.822693917	0.504492774	0.305857031	0.4724343	0.7707946	0.51531543	0.300813568	0.117360306	0.330032206	0.753250381	0.643085107
0.530733333	0.267117669	0.593156128	0.235010603	0.670638951	0.531368533	0.57367554	0.664197929	0.178871025	0.607311726	0.345357037	0.357177725	0.439177215	0.793535156	0.838878627	0.448715234	0.254601758	0.4752506	0.7857107	0.50374707	0.292976753	0.136272049	0.351536492	0.697478414	0.645224486
0.56105	0.271294145	0.477903976	0.458646617	0.781465891	0.524526911	0.54800978	0.641641814	0.244560111	0.603800933	0.497036457	0.28092105	0.499079585	0.759625	0.805913226	0.519902148	0.311568945	0.49452375	0.7854306	0.406062256	0.344511152	0.187963295	0.410728977	0.760268172	0.604910886
0.76005	0.366235284	0.758078156	0.200308463	0.63531494	0.442682456	0.46989432	0.6969924	0.640183816	0.45477136	0.648287773	0.3316908	0.41491395	0.80728683	0.844800781	0.396211133	0.175761524	0.54249655	0.9042017	0.614833008	0.669393518	0.541697502	0.815964316	0.687311496	0.454484514
0.770416667	0.444058811	0.721727448	0.36996337	0.751807337	0.435938522	0.34605732	0.695351571	0.678754507	0.401239713	0.763485336	0.223310175	0.4785738	0.731428013	0.771001674	0.455950391	0.22668125	0.5448569	0.9035014	0.593870361	0.696627772	0.560645676	0.837868521	0.734889062	0.429789036
0.573633333	0.364411746	0.626331787	0.23115481	0.78231794	0.504816978	0.43376078	0.6631855	0.298202735	0.498538176	0.472469521	0.243645775	0.50224906	0.72875851	0.774512696	0.4756875	0.270197852	0.49488435	0.7974439	0.529825684	0.383793315	0.209832572	0.435495072	0.696230749	0.601187721
0.7608	0.402764713	0.678177185	0.130904184	0.763003977	0.4352332	0.39790264	0.691597329	0.646286666	0.419406732	0.773601341	0.23156095	0.467417	0.758599051	0.797938059	0.441218555	0.212851953	0.54335485	0.8892261	0.559033692	0.671625684	0.543041992	0.817546387	0.667647769	0.4347128
0.6735	0.264764729	0.760188599	0.709273183	0.67693464	0.460276744	0.5957984	0.655906057	0.452098565	0.451093992	0.536032581	0.361907375	0.38583642	0.952811523	0.992546596	0.478385547	0.264013867	0.52439465	0.8615457	0.616575928	0.516849069	0.38525486	0.63615728	0.831112537	0.529367529
0.515183333	0.433411766	0.744536743	0.580104106	0.609722726	0.537587611	0.35599222	0.7138852	0.225125051	0.561958472	0.239961052	0.33213335	0.518558385	0.630492467	0.676788644	0.444286719	0.254452539	0.4669	0.7848792	0.62470996	0.319617018	0.109763527	0.321436431	0.793828011	0.676301493
0.75265	0.430470579	0.747688599	0.31791016	0.594376743	0.449116111	0.37998786	0.721188471	0.64585172	0.486944357	0.607769394	0.3276198	0.45890486	0.702256417	0.740498047	0.395177344	0.175662891	0.5394329	0.9010338	0.610531984	0.671736767	0.528144836	0.800376611	0.720273795	0.467282057
0.59805	0.30311764	0.547466888	0.366107577	0.634965471	0.501570511	0.52776088	0.679856057	0.323331476	0.627885501	0.450449181	0.339472175	0.48477	0.724196987	0.767879883	0.455303711	0.249607812	0.50254955	0.8171313	0.459489502	0.409800866	0.252224541	0.48388161	0.73474264	0.590187686
0.694216667	0.417529386	0.775748596	0.541546173	0.62090088	0.4653948	0.39405574	0.714184929	0.5301553	0.475653331	0.520128441	0.323778275	0.44450289	0.725187221	0.764805524	0.428112305	0.214485156	0.53084685	0.8721076	0.636063964	0.576428633	0.422230911	0.678697113	0.783529429	0.5206346
0.700133333	0.406294094	0.586862793	0.77482167	0.654376046	0.461677122	0.39199104	0.703651086	0.550413614	0.549883842	0.623640442	0.26976455	0.529028235	0.651290179	0.692633929	0.495367188	0.272246875	0.5334277	0.86075	0.488896484	0.591075383	0.43281765	0.690904105	0.849446557	0.502213786
0.78965	0.325529435	0.718640289	0.188741083	0.725671734	0.424863311	0.51594964	0.680962157	0.688603268	0.411768437	0.784202194	0.29899615	0.403445425	0.886639789	0.924141601	0.432746094	0.204227734	0.54560195	0.9174995	0.583507812	0.708757603	0.59618206	0.878715766	0.683600176	0.410360471
0.74895	0.306058828	0.392838516	0.639868903	0.603429477	0.4573687	0.51793328	0.710232286	0.630493746	0.703950882	0.749406815	0.3208651	0.55140412	0.652163364	0.693074777	0.488541211	0.257697852	0.54142965	0.8851312	0.315670654	0.660046742	0.521377372	0.792597782	0.811471781	0.449035371
0.601	0.435176456	0.726985168	0.443223443	0.773262766	0.486739222	0.34376374	0.695232357	0.364083128	0.438763459	0.480865192	0.225834425	0.50476855	0.702908761	0.747594169	0.480927734	0.271772656	0.5037327	0.8142643	0.60871118	0.435651361	0.257356263	0.48975716	0.756275921	0.5847858
0.786683333	0.313117644	0.66156601	0.31212647	0.625724749	0.437834611	0.53595414	0.686805957	0.687467907	0.503065586	0.723177147	0.347144775	0.40994352	0.832542271	0.869637416	0.419049805	0.193291797	0.5447079	0.9214245	0.539595215	0.709079173	0.590686035	0.872397584	0.718805483	0.422786764
0.7926	0.411000028	0.576488953	0.626373626	0.747015554	0.430501578	0.38196434	0.704659257	0.732163336	0.474999269	0.858484459	0.21746445	0.51342404	0.694016601	0.733964286	0.503864258	0.265461328	0.5465348	0.9062432	0.478628906	0.738825108	0.601623916	0.885004836	0.807645564	0.398533636
0.6084	0.291882346	0.736295013	0.182957393	0.769472309	0.478602533	0.5477666	0.657240357	0.34227832	0.431959947	0.492954445	0.3030761	0.40584928	0.907708007	0.950629743	0.454736914	0.248430078	0.5061854	0.8239024	0.607622804	0.422908557	0.27019825	0.504523846	0.682427446	0.576702136
0.775583333	0.252411786	0.481033783	0.19066898	0.72469064	0.451458244	0.58995594	0.662923229	0.650867239	0.563150247	0.845458603	0.317487	0.42693621	0.83924986	0.877792829	0.459870898	0.228589844	0.5438347	0.901299	0.397468506	0.679813881	0.570220756	0.848814765	0.684167643	0.4110885
0.587683333	0.291294098	0.658457489	0.119336804	0.629370466	0.503812311	0.55402746	0.668775557	0.286869596	0.567260742	0.393291473	0.367355225	0.42652285	0.805076033	0.8480851	0.411218555	0.212561719	0.4997779	0.8211337	0.549594971	0.382166684	0.234017754	0.463284694	0.664126315	0.604087486
0.623933333	0.389823521	0.419798431	0.54347407	0.753890554	0.492397689	0.38600316	0.701037	0.394656019	0.628985405	0.614637184	0.19747305	0.6525079	0.580198381	0.626438059	0.525303906	0.304168555	0.51467015	0.804653	0.352834228	0.462120049	0.297330094	0.535650895	0.784059015	0.554447464
0.583983333	0.350294113	0.673044128	0.551185656	0.782836217	0.497768733	0.4597508	0.663408586	0.322937194	0.469143073	0.476052094	0.257338475	0.46378261	0.778996373	0.823697406	0.506111328	0.297916406	0.49900605	0.8060657	0.565406982	0.403190147	0.227727128	0.455952422	0.786757323	0.594337021
0.62615	0.258294105	0.762250824	0.40466551	0.643508649	0.481484411	0.60765972	0.652082857	0.353683692	0.487045924	0.434370041	0.3863855	0.38975185	0.936287807	0.977427874	0.434754102	0.230595508	0.50856065	0.842645	0.620055664	0.437871933	0.301356888	0.540107238	0.745155725	0.573446443
0.605433333	0.297823514	0.400136642	0.620589936	0.636040389	0.5097135	0.52177658	0.677290514	0.36413066	0.730819543	0.514019203	0.3173231	0.5817104	0.638886719	0.684246931	0.503201758	0.289994336	0.5063404	0.8096986	0.329310303	0.439288089	0.265094758	0.498599057	0.806388722	0.578159893
0.5396	0.408058839	0.654337921	0.383458647	0.590364817	0.523745433	0.38968196	0.713777914	0.268054365	0.611498356	0.294641113	0.331658	0.540160895	0.616675223	0.662589844	0.429802148	0.235967383	0.4757155	0.7931255	0.551505127	0.356320703	0.151377869	0.36877885	0.7395659	0.652791293
0.570666667	0.253588228	0.743560181	0.574320416	0.694034946	0.500984733	0.60363284	0.647431129	0.252282763	0.48640426	0.381483936	0.366173575	0.39625621	0.932973911	0.97659933	0.477210156	0.277115234	0.49101305	0.8131437	0.612229004	0.353010593	0.204723359	0.429645742	0.793009914	0.614814193
0.620983333	0.267705861	0.459270782	0.09812994	0.694327917	0.497647533	0.5619382	0.668776414	0.369242306	0.645683765	0.556353092	0.3185569	0.49291885	0.744202149	0.787730747	0.452651172	0.241225391	0.51287005	0.816425	0.383925537	0.446262166	0.29225769	0.529725849	0.658522948	0.56172945
0.62245	0.273058835	0.371067352	0.46250241	0.741651786	0.518201533	0.54402104	0.6688522	0.382656278	0.696769555	0.606809235	0.282922275	0.56606865	0.683747907	0.729055664	0.509938086	0.291644531	0.51615725	0.8081787	0.303950684	0.455632491	0.294770812	0.532670838	0.760757539	0.554345286
0.57585	0.311941203	0.527708435	0.562753036	0.582666714	0.518343589	0.51801434	0.679710457	0.307631825	0.68580548	0.386840534	0.359110425	0.5080775	0.674985351	0.719403041	0.463145508	0.260702734	0.4968394	0.8093439	0.443898682	0.393583092	0.213534736	0.439869841	0.789824731	0.613376021
0.643916667	0.319058811	0.490347137	0.13283208	0.621395089	0.490815522	0.5040275	0.686012371	0.427100671	0.658854644	0.537591457	0.32031375	0.515528975	0.675280273	0.717912947	0.427930078	0.216649805	0.51858915	0.8332812	0.409103027	0.492921317	0.332541084	0.575954868	0.667851465	0.550924829
0.64465	0.398058835	0.682356567	0.56660883	0.574257811	0.484932878	0.41578164	0.706431214	0.436251816	0.567770799	0.441191578	0.342962025	0.48927462	0.67075293	0.712440849	0.433498828	0.225275781	0.51535855	0.8469247	0.565503418	0.499793273	0.33400135	0.57743947	0.790937465	0.563885007
0.628366667	0.296058823	0.763300171	0.10391363	0.673031877	0.474073233	0.55401196	0.672649857	0.384786723	0.466584683	0.457160568	0.349685425	0.403986635	0.888974051	0.930454101	0.410242383	0.206218359	0.51437805	0.839483	0.623074952	0.458553953	0.305212784	0.544567176	0.660049458	0.5697765
0.58325	0.468235296	0.623236847	0.60131097	0.721711426	0.490194633	0.28977146	0.722396743	0.31665615	0.524282297	0.455473709	0.2165674	0.616677465	0.590836914	0.637510881	0.50068457	0.290806445	0.4983474	0.799527	0.527763916	0.397716612	0.226505089	0.454500368	0.800969521	0.600196157
0.791866667	0.383294105	0.745602112	0.477925583	0.640648369	0.437738244	0.44795146	0.694866214	0.716092909	0.449498653	0.708737564	0.32180685	0.42144513	0.78916769	0.826388671	0.427478906	0.200691992	0.54538145	0.9254091	0.605701416	0.729863507	0.60027504	0.883440857	0.765603984	0.421715586
0.794083333	0.321999999	0.653160095	0.691922113	0.61111328	0.439823411	0.5261313	0.6860575	0.713919875	0.515287876	0.727012062	0.3481536	0.41522479	0.811225586	0.848157646	0.455963086	0.226235156	0.54780735	0.9254836	0.532915527	0.729405784	0.604189872	0.888169543	0.825769589	0.416988086
0.704566667	0.343823545	0.627316284	0.591671486	0.645222866	0.4617056	0.48411478	0.687752829	0.536823984	0.533744971	0.60977459	0.316963975	0.451577365	0.751952567	0.791684431	0.466213086	0.246430078	0.53333535	0.8690469	0.519583496	0.583537475	0.440766144	0.700067538	0.797500291	0.499906657
0.629116667	0.328470566	0.733202209	0.749759013	0.600866351	0.485300433	0.5137836	0.689041143	0.38952295	0.52883784	0.417969704	0.371999925	0.418816565	0.796793387	0.837978097	0.458672852	0.251893164	0.5106617	0.8434944	0.603835936	0.463409756	0.306600189	0.546076991	0.842873736	0.575282693
0.68385	0.283058839	0.381457214	0.49720455	0.67419608	0.484825256	0.53786984	0.675167729	0.490022925	0.693776767	0.683922005	0.3029554	0.548386635	0.679348493	0.72207115	0.498852539	0.275032812	0.52992595	0.8425646	0.309890137	0.545931397	0.403708458	0.657370836	0.77110734	0.503417371
0.746	0.241176493	0.583757324	0.25428957	0.611915457	0.4479164	0.6219255	0.674615114	0.587590851	0.567000071	0.675272179	0.38476425	0.40342903	0.880439314	0.918101283	0.424595117	0.202846289	0.5397786	0.8923017	0.477613037	0.630076156	0.51597023	0.786402919	0.702129482	0.459579436
0.674233333	0.361470615	0.483093109	0.71698477	0.774649483	0.469068433	0.42996516	0.680804629	0.494363467	0.552670002	0.699738121	0.21105545	0.570993485	0.67528711	0.719169224	0.544695117	0.317338476	0.5273868	0.8342557	0.402404541	0.543816805	0.386369324	0.637657754	0.832956104	0.508185321
0.657233333	0.237647056	0.677167969	0.663003663	0.738080009	0.470774778	0.61783542	0.631740643	0.41256717	0.466427644	0.574827766	0.3362103	0.39135432	0.964465541	1.0052726	0.504307031	0.288140625	0.5208243	0.8462601	0.557244629	0.48504921	0.356295586	0.602975193	0.817846421	0.534005621
0.574366667	0.244117625	0.656418915	0.33526123	0.77060198	0.497006789	0.6017219	0.646789957	0.251302021	0.487778822	0.460489273	0.3225683	0.40579146	0.923667969	0.967864676	0.484658398	0.280448438	0.49433005	0.8043491	0.54916748	0.35233449	0.211117172	0.436941966	0.725798957	0.60074835
0.681633333	0.317235274	0.475879059	0.489492963	0.739639369	0.477173011	0.49390068	0.666022671	0.485804184	0.582062403	0.68827076	0.259554275	0.51089531	0.71818471	0.76051702	0.50493418	0.281282617	0.5294938	0.8424573	0.397407226	0.541462599	0.399759865	0.652820919	0.768737276	0.50390315
0.7164	0.358529428	0.701023407	0.423944477	0.599176549	0.463014922	0.47388544	0.694213971	0.558900696	0.520226161	0.56854229	0.343091675	0.429881275	0.759827567	0.798527204	0.418412695	0.202651953	0.5342711	0.8821093	0.576120606	0.602802705	0.462272071	0.724596738	0.750546322	0.497725557
0.640216667	0.288941159	0.372121582	0.238866397	0.648456334	0.498103178	0.53206672	0.680500643	0.422150966	0.732747078	0.593060589	0.31268585	0.58257824	0.645103934	0.689489257	0.464763867	0.24865332	0.5207021	0.8213871	0.301465332	0.488359363	0.326044845	0.568470375	0.698066881	0.5459521
0.58695	0.287764718	0.508039703	0.593599383	0.68975272	0.507704167	0.53974858	0.669820343	0.322044785	0.625321388	0.478123283	0.312252225	0.49275851	0.735694894	0.780359096	0.503997461	0.29492793	0.49954545	0.8060746	0.428308106	0.404798352	0.232922364	0.461830655	0.798323704	0.592811143
0.581033333	0.255352918	0.628397522	0.314054367	0.587683106	0.506581611	0.6036841	0.673898157	0.297717645	0.614752293	0.367555428	0.40808905	0.416764675	0.825547014	0.868420759	0.424906836	0.227000586	0.49348665	0.8200161	0.524791016	0.388084653	0.222720146	0.450113597	0.719990173	0.61305245
0.7423	0.413411758	0.636678772	0.14439946	0.576322197	0.450411189	0.3959178	0.723544557	0.622421159	0.557408015	0.621081734	0.3168373	0.5023939	0.655380301	0.69469336	0.389011133	0.169852734	0.5395223	0.8897655	0.524316406	0.653211632	0.509257889	0.778642091	0.671635645	0.473250186
0.635766667	0.284235281	0.431218491	0.6996337	0.769899903	0.494381533	0.52994718	0.665909429	0.406425214	0.615425587	0.640185165	0.269253425	0.514452815	0.729529297	0.77351688	0.545495508	0.323161524	0.5169828	0.8158677	0.361254883	0.474522346	0.318198395	0.559482022	0.828172068	0.540975114
0.6772	0.311352954	0.608682098	0.622517833	0.774248394	0.473794089	0.51187982	0.647469457	0.470213106	0.481698831	0.653568268	0.2660318	0.433852135	0.820542271	0.861614676	0.512295703	0.290659375	0.5260725	0.8476787	0.509643799	0.52927643	0.391815568	0.643731869	0.806965903	0.510805793
0.737866667	0.300764701	0.767420502	0.327549643	0.776889649	0.431960233	0.54189554	0.659761629	0.576007033	0.370955149	0.715014458	0.290577	0.391407965	0.956427734	0.994942941	0.463240039	0.238832226	0.5386044	0.8845441	0.620556884	0.617187133	0.501159477	0.769356272	0.723368984	0.458701114
0.544783333	0.327882374	0.574470215	0.79217274	0.684667271	0.5248564	0.48804988	0.668437514	0.259053276	0.600467841	0.382520103	0.304549825	0.50456172	0.704534737	0.75051144	0.517831641	0.314904102	0.4856248	0.7874988	0.486909668	0.350504164	0.160037613	0.37888514	0.85428093	0.631188871
0.5973	0.273647084	0.509102936	0.838442259	0.649792131	0.503514622	0.56185952	0.677476129	0.344990269	0.646598021	0.470835304	0.34289645	0.475836455	0.747125559	0.790820173	0.51852168	0.307705274	0.50378335	0.8143477	0.427921387	0.423572723	0.25091114	0.482388841	0.868057607	0.587772421
0.707533333	0.425176452	0.551570129	0.140543667	0.767161343	0.454600733	0.35000434	0.688151329	0.551561049	0.49934721	0.730136871	0.19127565	0.584017395	0.647148856	0.690183594	0.464739648	0.240043164	0.53487315	0.8531504	0.459914307	0.592481248	0.446147919	0.70620749	0.670035127	0.481178879
0.657966667	0.261823542	0.612846222	0.776749566	0.679077149	0.481434744	0.58778158	0.648583214	0.427611246	0.542107741	0.555790043	0.35194295	0.41034049	0.86040346	0.90114788	0.501358398	0.285224805	0.52065145	0.8471035	0.509765625	0.496415275	0.357593346	0.60446694	0.85025296	0.537202564
0.76745	0.249470599	0.727971191	0.713128976	0.641159669	0.433837789	0.62190166	0.657838957	0.638263182	0.459263166	0.682224083	0.3814696	0.380921125	0.975329939	1.012084124	0.466356641	0.240006641	0.54347705	0.9088032	0.584023193	0.67001388	0.555275345	0.831592084	0.832140316	0.441943271
0.558833333	0.279529404	0.703097992	0.844225949	0.736617257	0.5118245	0.56165566	0.642976971	0.243625809	0.489455859	0.396792126	0.326090925	0.4101876	0.877907506	0.922461636	0.524772266	0.321648047	0.48777055	0.801643	0.587428955	0.343474585	0.18429966	0.40637821	0.869267836	0.618321507
0.672016667	0.461176479	0.492431793	0.610950453	0.72360526	0.468647556	0.29592862	0.721467771	0.485958993	0.574872971	0.655352974	0.184994825	0.657482205	0.551493164	0.596123047	0.512695312	0.287688476	0.5276103	0.8326017	0.416749756	0.536644525	0.382452774	0.633123433	0.803244844	0.518213371
0.504833333	0.294882325	0.52151474	0.643724696	0.740379814	0.5419265	0.51964632	0.667365486	0.14699976	0.617689292	0.365888977	0.289825975	0.51056093	0.721054827	0.768818499	0.528910742	0.330049219	0.46569895	0.7600449	0.447008545	0.263309168	0.092294693	0.301500046	0.812609274	0.655293414
0.70235	0.39394115	0.629429474	0.67649894	0.776125837	0.453256644	0.40009728	0.684857743	0.543303176	0.453896363	0.696973038	0.22041785	0.495053885	0.73119894	0.772652344	0.518214258	0.291812891	0.53461685	0.8566194	0.524799805	0.58513597	0.436824989	0.695484024	0.82145716	0.488808271
0.535166667	0.25064704	0.587936554	0.470213997	0.71641218	0.528337633	0.58967104	0.654410843	0.175836371	0.581352234	0.380445099	0.3386109	0.42919433	0.832343471	0.87772461	0.490422266	0.291919922	0.4781146	0.7849925	0.49982666	0.291526558	0.143806649	0.360150481	0.763902504	0.6352786
0.609883333	0.307235269	0.467597198	0.34104492	0.7014488	0.501704622	0.50781002	0.6726192	0.365938628	0.637705485	0.538309956	0.29023575	0.52726245	0.691401367	0.73577846	0.481500391	0.268517188	0.50919845	0.8068197	0.392425049	0.440802738	0.272881126	0.507488655	0.727044986	0.571364114
0.700866667	0.407470591	0.765368042	0.512627723	0.74550014	0.458535633	0.39788118	0.681949886	0.534612042	0.405840874	0.620646095	0.260952	0.437354505	0.777954939	0.818058176	0.467931641	0.248591016	0.531127	0.86632	0.63028784	0.579612532	0.434274674	0.692418869	0.775571125	0.500416279
0.77115	0.2700588	0.643839722	0.738191633	0.704659946	0.434862322	0.58223476	0.663068843	0.651545919	0.467089017	0.764380455	0.324049475	0.39875871	0.914759347	0.952541574	0.50054375	0.269191992	0.54433535	0.9084784	0.525876953	0.678801171	0.561859703	0.839420992	0.838271462	0.426994
0.569933333	0.24888235	0.42916687	0.524195103	0.585589426	0.524746456	0.59359302	0.684400486	0.285176739	0.762856483	0.411351109	0.38235325	0.504136145	0.698799804	0.743529297	0.473758789	0.270245312	0.49133195	0.8012288	0.359179932	0.376932025	0.203516387	0.428200833	0.77933803	0.611701129
0.754866667	0.330823506	0.589938354	0.10969732	0.699173757	0.446657089	0.49587002	0.6794465	0.622256871	0.509008249	0.749403954	0.2887978	0.4484061	0.779044783	0.817822824	0.431186328	0.205101758	0.5410124	0.8882158	0.487265625	0.654871503	0.532153892	0.805041698	0.661695414	0.442363907
0.675716667	0.237058808	0.602460632	0.175245807	0.757238769	0.468664778	0.61183682	0.639945643	0.440146476	0.49504137	0.644935417	0.320416575	0.402863085	0.928536273	0.969114676	0.462303711	0.245354492	0.52602185	0.8490466	0.499873291	0.508598149	0.389193725	0.640694007	0.679888109	0.512034929
0.746733333	0.298411762	0.449928284	0.651436283	0.780106026	0.458655833	0.51594844	0.662506857	0.614062553	0.556814194	0.846806145	0.2513482	0.49591607	0.757454939	0.79846303	0.534683008	0.2994125	0.5407859	0.8782648	0.372114014	0.646068594	0.517361831	0.787942291	0.814788147	0.433529221
0.563266667	0.299000011	0.742540283	0.78638905	0.66581264	0.511133089	0.54571976	0.661086557	0.276545793	0.508429368	0.35026474	0.3549053	0.41178143	0.846761719	0.890642857	0.487772852	0.288257812	0.48709405	0.8106105	0.615156984	0.367756249	0.191986848	0.41508334	0.853308199	0.626184636
0.5581	0.260647045	0.670933228	0.60709466	0.76642648	0.506893544	0.57962646	0.6467857	0.251464765	0.489218394	0.42455349	0.319570175	0.40918416	0.898385324	0.943128767	0.513606055	0.310169922	0.48825035	0.7971429	0.563011475	0.347766369	0.183059692	0.404939649	0.801994768	0.614586421
0.723066667	0.467058799	0.624251709	0.56082514	0.746439731	0.446996833	0.30003538	0.703193829	0.590077124	0.464129607	0.715075493	0.1933797	0.572559295	0.638432757	0.680648856	0.494767188	0.266268164	0.54018985	0.8650564	0.519730957	0.622492145	0.474252319	0.738461122	0.789119914	0.472768236
0.512966667	0.259470603	0.518407593	0.412377097	0.623317871	0.545708089	0.5796062	0.669611729	0.151211359	0.694020272	0.313370419	0.3686263	0.480629265	0.734759069	0.781072126	0.465880078	0.272931836	0.46552015	0.774961	0.440626221	0.270317591	0.106064224	0.317160047	0.747656607	0.661233443
0.734166667	0.344999986	0.771563568	0.68228263	0.606629466	0.452060578	0.49992074	0.684181657	0.59346881	0.470471223	0.580517101	0.36168235	0.40692991	0.828101981	0.865998744	0.441025	0.22215918	0.53728415	0.8956127	0.624399416	0.630925249	0.494417381	0.761617461	0.823412459	0.482994264
0.7238	0.290117656	0.399081421	0.794100636	0.721905343	0.468572722	0.52609672	0.6805032	0.5753956	0.637108326	0.782925797	0.276838125	0.523041545	0.707464426	0.748876116	0.542058789	0.308541992	0.539418	0.860288	0.326521973	0.614014696	0.475581933	0.739988189	0.854769531	0.460569721
0.74525	0.338470571	0.56924408	0.799884326	0.75030936	0.449237311	0.47590246	0.671943971	0.618913059	0.494026025	0.777233124	0.25111275	0.468375445	0.770000559	0.809777483	0.528743359	0.295035547	0.54046105	0.8779578	0.472030029	0.648943728	0.514671897	0.784828969	0.856675698	0.445055057
0.679416667	0.419294133	0.482051392	0.385386543	0.780473283	0.463716267	0.3479897	0.705009229	0.505339377	0.54543066	0.713726425	0.170400625	0.62951064	0.609553431	0.654107701	0.507510938	0.281425781	0.5295832	0.8334004	0.4042854	0.552925522	0.395656968	0.648274596	0.739297187	0.50385845
0.652783333	0.405117652	0.377289963	0.707345286	0.593722097	0.4915119	0.38005104	0.735877614	0.444913564	0.756831328	0.574671841	0.258119275	0.680077435	0.497561663	0.542250419	0.496764648	0.275916406	0.52398635	0.8264683	0.31341748	0.50487097	0.348284913	0.593931439	0.830070375	0.54316175
0.537383333	0.283647032	0.43540535	0.209947947	0.654240026	0.537195556	0.5376779	0.670471743	0.192497173	0.721495787	0.397046471	0.324743875	0.55509633	0.66546889	0.712534319	0.461917969	0.262469141	0.48069845	0.7776998	0.366743164	0.304323997	0.147596741	0.364462869	0.690093422	0.632327743
0.562533333	0.422235321	0.577570496	0.088490457	0.663706054	0.511274811	0.3577303	0.697883057	0.298176645	0.597323736	0.399574852	0.259545325	0.60812956	0.591127093	0.63799442	0.430877539	0.230268945	0.49024415	0.7929258	0.488522217	0.381932303	0.19070301	0.413642401	0.655516369	0.619135107
0.6195	0.40982353	0.582688904	0.522267206	0.760804269	0.475741511	0.3699707	0.703442471	0.406792139	0.513326486	0.557629776	0.214850775	0.57097709	0.656806221	0.701962054	0.508979688	0.292142969	0.5120535	0.8113168	0.489957275	0.469591161	0.289564705	0.526748993	0.77803635	0.564029336
0.60175	0.400411774	0.782948608	0.634085213	0.661350794	0.493148711	0.41003098	0.706387786	0.370927133	0.478652318	0.394477367	0.317527225	0.44910258	0.737255999	0.78009961	0.457169141	0.253025976	0.50561025	0.828626	0.647084716	0.442049546	0.25856266	0.491251959	0.809845005	0.596771021
0.75635	0.264176481	0.573376007	0.796028533	0.639625417	0.447648511	0.58793536	0.681861329	0.626028124	0.557037353	0.714992142	0.353087375	0.4104442	0.846867606	0.884519531	0.492567383	0.262913867	0.54209425	0.8945041	0.471428467	0.658339471	0.53489685	0.808165456	0.855502777	0.446157743
0.5433	0.302529391	0.379377441	0.48563717	0.689365931	0.539461522	0.50567976	0.667841471	0.210577791	0.73958381	0.445547676	0.2862944	0.62112248	0.61597461	0.664137974	0.509442383	0.303516602	0.48472475	0.7727765	0.316087891	0.317572415	0.157717895	0.375990979	0.768292678	0.622981736
0.527766667	0.28658822	0.695815125	0.743975323	0.598523646	0.530661222	0.56408992	0.6738973	0.187597399	0.589984576	0.2697999	0.3943174	0.42309469	0.8012101	0.845932339	0.469515234	0.277569141	0.47370385	0.7961534	0.581509766	0.298978179	0.131026268	0.345780274	0.84101046	0.662185836
0.791116667	0.301352949	0.497624817	0.668787353	0.711928711	0.446006733	0.52796116	0.669013971	0.704814316	0.550901413	0.859242249	0.28279115	0.46393579	0.775719029	0.814633231	0.506693164	0.269306055	0.54628145	0.9080909	0.409303955	0.721009674	0.598900986	0.881841739	0.819460758	0.398078936
0.696433333	0.290705905	0.510075531	0.632157316	0.67828962	0.471398311	0.54003468	0.667876386	0.510862776	0.591223558	0.661098289	0.311694925	0.46807176	0.761949079	0.802574219	0.497410156	0.274511914	0.53348135	0.8573823	0.423681396	0.563436135	0.426150894	0.683267436	0.808934295	0.497591443
0.598783333	0.235294118	0.550575409	0.568536726	0.631789203	0.504438489	0.61974158	0.667764829	0.308850779	0.633287589	0.447040272	0.382070125	0.423262775	0.827534599	0.870232701	0.475992383	0.269802734	0.50287435	0.8209847	0.462683106	0.400150778	0.253538323	0.485341604	0.791616798	0.589176536
0.544033333	0.26829411	0.645000305	0.096202044	0.738726283	0.521965233	0.57172408	0.642906286	0.189239733	0.528893948	0.390996552	0.3277554	0.423214195	0.852599749	0.897795899	0.446721289	0.250349414	0.48158955	0.7912539	0.543907959	0.303010898	0.158932305	0.377421599	0.658240792	0.628126043
0.51075	0.340235318	0.666783447	0.171390013	0.664767717	0.5373737	0.4776918	0.675884686	0.163665811	0.570527077	0.289395428	0.32703715	0.481182395	0.722974191	0.76948856	0.431658203	0.242317969	0.46289455	0.7773601	0.562419922	0.277345147	0.102298355	0.312887257	0.679606115	0.667346321
0.689033333	0.303705889	0.41879509	0.82687488	0.643914969	0.472980822	0.51786294	0.699054714	0.512064004	0.678016663	0.661008644	0.306393075	0.54034716	0.670291713	0.712410714	0.522891016	0.297255664	0.52955935	0.8480572	0.343208252	0.562217753	0.413020515	0.668024146	0.864378324	0.504008736
0.51815	0.293058844	0.738378601	0.292847503	0.729702149	0.526904478	0.54366818	0.654309514	0.157607847	0.489123821	0.317747784	0.327886525	0.41617638	0.858913923	0.904827846	0.457649805	0.266103516	0.46793415	0.7828854	0.616727052	0.27423739	0.114848709	0.327165338	0.713357622	0.656715407
0.751183333	0.416352945	0.534954376	0.134759977	0.694762137	0.441299956	0.37205448	0.708751543	0.641302729	0.5378232	0.764717102	0.230228775	0.57507521	0.636632394	0.67828976	0.442290039	0.214454883	0.54210615	0.8850716	0.442166992	0.666575601	0.525365448	0.797291913	0.668364414	0.44519045
0.798516667	0.285411779	0.486223755	0.26585695	0.634365583	0.442958956	0.55595626	0.690081671	0.710150099	0.603760878	0.819668961	0.33370245	0.45445031	0.767119839	0.80513909	0.438633789	0.206775195	0.5472977	0.9161614	0.397532959	0.727775359	0.612586975	0.897637699	0.705527696	0.399280393
0.7815	0.373294101	0.445750732	0.75168691	0.748124651	0.436065011	0.41793814	0.708033729	0.70920364	0.55913957	0.896162033	0.2077921	0.584417045	0.656345284	0.69817606	0.539042188	0.297096289	0.5458106	0.8930557	0.36445459	0.720049952	0.581139755	0.861373968	0.843136976	0.401510036
0.776333333	0.434588208	0.566113281	0.348756507	0.753449009	0.431254256	0.34395446	0.707607129	0.697305575	0.478166262	0.840400124	0.194226075	0.56341833	0.658899693	0.7002214	0.478812891	0.243985547	0.544541	0.8961939	0.469258545	0.710546758	0.571614265	0.850405359	0.729271974	0.414083636
0.656483333	0.260058796	0.528764648	0.425872373	0.580970286	0.487123011	0.59202542	0.683641814	0.437914682	0.659306685	0.517448902	0.38484175	0.434556065	0.773916853	0.814473633	0.441471289	0.22993418	0.52191805	0.8482002	0.441154541	0.50402036	0.354771232	0.60144995	0.750824551	0.544855371
0.747483333	0.467647048	0.465469666	0.408521303	0.706678989	0.450655567	0.28989782	0.726016457	0.642250332	0.580292702	0.789053154	0.183555375	0.660378995	0.541893276	0.585017997	0.48205957	0.249658203	0.54075015	0.8767091	0.390674072	0.66474702	0.518701173	0.789517054	0.746219113	0.445557864
0.777066667	0.42811764	0.555726624	0.765182186	0.60554862	0.434702378	0.36992302	0.732711757	0.71252625	0.571739038	0.73640461	0.276431325	0.56441611	0.61367313	0.653952427	0.479914648	0.247058984	0.54520855	0.9058349	0.45676001	0.723017018	0.572951316	0.851961004	0.847096999	0.4309526
0.6306	0.395117648	0.502859039	0.2369385	0.66097412	0.486292856	0.39584984	0.696400614	0.404138685	0.621850809	0.538831043	0.26064055	0.60926652	0.599162807	0.644023717	0.454034375	0.240766992	0.5140413	0.8196734	0.420044922	0.472831429	0.309195328	0.549064282	0.6979015	0.560003471
0.59065	0.382117664	0.512138519	0.308270677	0.731539131	0.490983411	0.40597906	0.7014968	0.353913486	0.585188389	0.513352299	0.2368911	0.60101545	0.631277483	0.677781529	0.486586328	0.275426758	0.50295485	0.7989936	0.431424072	0.426431592	0.239188385	0.469170957	0.717760048	0.587840543
0.782983333	0.351470611	0.766349487	0.449007133	0.726279297	0.430028056	0.48395624	0.678944114	0.683927754	0.391180515	0.75284996	0.2888723	0.403957425	0.87355134	0.911185407	0.452852148	0.224300976	0.54397475	0.9169631	0.620346924	0.703992278	0.583842469	0.864526629	0.757597137	0.420513271
0.566233333	0.415764696	0.428094177	0.08077887	0.644188754	0.518285978	0.3600823	0.727200886	0.271455111	0.715935072	0.440101719	0.249859575	0.67815846	0.508964564	0.55632687	0.439366211	0.234697266	0.4959841	0.7860773	0.366446289	0.364795109	0.196909714	0.420916609	0.653687482	0.61334835
0.68755	0.365647035	0.401121979	0.13861577	0.666606446	0.474609022	0.43006888	0.701318843	0.5220305	0.673339527	0.680953598	0.2496912	0.630598725	0.587547573	0.631279854	0.453466602	0.231790039	0.5319704	0.8422517	0.328008301	0.568346045	0.41018734	0.664973442	0.66945407	0.503324986
0.603216667	0.262999984	0.592073517	0.74590322	0.58069894	0.502378489	0.5917584	0.674080371	0.349301289	0.634209156	0.409143543	0.39946425	0.426313045	0.795208984	0.837423829	0.47343457	0.268269141	0.50343465	0.8288019	0.495463135	0.429272831	0.261252594	0.494176311	0.841800855	0.5919175
0.617283333	0.392764709	0.565077667	0.435511857	0.618685477	0.488690289	0.40812602	0.7045988	0.404369859	0.613678773	0.467769051	0.296978525	0.56509441	0.620609793	0.664819754	0.45540957	0.245673438	0.51231575	0.821551	0.472336426	0.469630973	0.285663224	0.522303435	0.753572743	0.57783675
0.71715	0.278352962	0.759122162	0.506844033	0.607127511	0.4522235	0.58792462	0.668044971	0.53877528	0.47932752	0.561056805	0.38725425	0.38840747	0.917807896	0.955847237	0.42924668	0.214232422	0.53381515	0.8874677	0.611800536	0.588947082	0.46359539	0.726154858	0.77373803	0.4968962
0.741566667	0.26652942	0.720726013	0.678426836	0.771566337	0.429933344	0.58387628	0.658687043	0.586050986	0.395485401	0.735641479	0.307263325	0.38537985	0.983131557	1.021385463	0.50899082	0.280087109	0.53989185	0.8846395	0.585045898	0.624823908	0.507940483	0.777105099	0.82235046	0.452607393
0.758566667	0.300176452	0.781942444	0.720840563	0.71036656	0.432370844	0.55193534	0.663194014	0.628210341	0.396017075	0.696362686	0.325903175	0.38641846	0.94751702	0.985000977	0.482929883	0.255566602	0.54186775	0.9009145	0.628191652	0.659319961	0.538965606	0.812836543	0.833941039	0.446354864
0.51445	0.316058832	0.641732635	0.414304993	0.610350169	0.5373545	0.51594128	0.685591729	0.168991514	0.619280974	0.27209692	0.363211225	0.469425975	0.725195451	0.771016741	0.445093945	0.255049414	0.4657794	0.782799	0.541239746	0.282582799	0.108488464	0.32002129	0.747871041	0.669133186
0.672766667	0.395705896	0.734247284	0.80952381	0.63917306	0.475989522	0.41975012	0.689764914	0.488925336	0.492395401	0.510771275	0.3199159	0.44980979	0.730708566	0.771245676	0.471007617	0.25640957	0.5236913	0.8593194	0.60600464	0.542350671	0.383887672	0.634657199	0.859604686	0.535455721
0.526283333	0.408647032	0.578596191	0.125120494	0.736116769	0.525166011	0.36767474	0.6825834	0.202807166	0.566797415	0.382254219	0.2338289	0.604094325	0.61768457	0.666072684	0.459923438	0.261668945	0.47588835	0.7694088	0.492834228	0.306713371	0.128664207	0.342904579	0.666335601	0.642032657
0.600266667	0.28482353	0.539143219	0.21958743	0.761919294	0.497901856	0.54003468	0.656537871	0.311921306	0.555905819	0.53576889	0.286744425	0.470002055	0.788327149	0.832594447	0.478268945	0.268413867	0.5060543	0.8100502	0.454881836	0.400853143	0.255945588	0.488295977	0.692575102	0.576907343
0.751916667	0.242352935	0.461290054	0.487565067	0.614144811	0.461232744	0.6098198	0.681851971	0.610668168	0.653782527	0.72965126	0.37425745	0.432367385	0.795254046	0.833426897	0.463578906	0.235717578	0.53992165	0.8880519	0.378998535	0.647662243	0.52681942	0.798834066	0.771543429	0.447976114
0.709016667	0.403352962	0.484169312	0.429728167	0.650140554	0.459950578	0.38805356	0.706008871	0.561796265	0.612335205	0.677288628	0.25224375	0.609059095	0.595626534	0.638306083	0.470752734	0.24615	0.53658975	0.8576893	0.399537598	0.601246389	0.448853302	0.70927988	0.751629678	0.488914286
0.555883333	0.301941198	0.436406097	0.817235396	0.711281389	0.526586589	0.5100738	0.661375214	0.251780976	0.674009005	0.462146187	0.2852826	0.573630095	0.665524971	0.712698661	0.546558984	0.336782812	0.49233925	0.7826798	0.366564942	0.348198094	0.179091454	0.400593665	0.861690092	0.613594007
0.603966667	0.337882378	0.614906616	0.80374012	0.768867189	0.487448522	0.47392358	0.672837186	0.362193295	0.500857989	0.522499275	0.26285935	0.477457405	0.764510463	0.808735351	0.538312891	0.323950586	0.50738345	0.8136235	0.51731958	0.435222069	0.262435723	0.495672327	0.857665145	0.576799629
0.711966667	0.394529399	0.513217468	0.076923077	0.626416714	0.454784511	0.40586104	0.715001514	0.560397885	0.606017113	0.656048775	0.27751165	0.57834363	0.61725865	0.659184151	0.420541992	0.200386328	0.53393735	0.8624547	0.423168945	0.60178888	0.454286766	0.715394924	0.652540885	0.48973555
0.524066667	0.274235276	0.739329071	0.27742433	0.649120049	0.526763411	0.57803978	0.6601448	0.158253884	0.534441312	0.28192358	0.380734975	0.411025645	0.862857283	0.90798856	0.430812109	0.241834961	0.47169815	0.7929348	0.613344972	0.277504706	0.124835777	0.338610193	0.709126679	0.6611402
0.6513	0.46294117	0.705141754	0.447079237	0.708068849	0.476441533	0.31201592	0.700756857	0.468579136	0.470900536	0.529961872	0.247383	0.52304244	0.653030413	0.69589788	0.458323828	0.244432812	0.52187635	0.8389108	0.589401367	0.521405252	0.34564228	0.590920074	0.756992527	0.547773871
0.63355	0.256529415	0.554745331	0.518411413	0.744319197	0.488507822	0.58202018	0.651624743	0.387495695	0.548390071	0.575687981	0.312507025	0.42602992	0.84730692	0.88949149	0.50364375	0.288004102	0.5179901	0.8264356	0.466589356	0.461290561	0.314305687	0.555010083	0.776835462	0.5500678
0.77485	0.280117652	0.600353851	0.24272219	0.765700683	0.437264056	0.55997124	0.663168471	0.65076038	0.460480849	0.830513573	0.28220105	0.408433735	0.891277483	0.929586356	0.466504297	0.235591016	0.54350985	0.9036355	0.495090576	0.678537386	0.568871689	0.847259915	0.698741689	0.413603814
0.549216667	0.251235289	0.62113266	0.72276846	0.683393554	0.522152	0.59771886	0.645040143	0.24616861	0.572485447	0.374501133	0.36536145	0.41871047	0.849160017	0.893784877	0.503716211	0.303519336	0.4823942	0.7972651	0.523728027	0.343253632	0.167815781	0.3875447	0.835400218	0.628751043
0.643166667	0.39217646	0.426078949	0.159822634	0.5950143	0.490196956	0.40189018	0.716536757	0.432270202	0.71762975	0.543571377	0.275736925	0.64879334	0.538878487	0.583447266	0.431705274	0.21819082	0.51785005	0.8253597	0.353310547	0.49630246	0.33135395	0.574436932	0.676065243	0.552602271
0.670533333	0.309000015	0.373155975	0.198380567	0.725147183	0.488401867	0.4960381	0.670758686	0.460458005	0.670702617	0.697750854	0.2510323	0.59654331	0.651680524	0.695983399	0.482471289	0.26008125	0.5287577	0.8307807	0.302936035	0.521620842	0.37985096	0.630091195	0.686123358	0.510687007
0.52925	0.416941194	0.712410431	0.148255254	0.688365303	0.521175811	0.37209382	0.705575471	0.239786515	0.521894614	0.317772484	0.2865224	0.516130685	0.665572126	0.712084681	0.427543164	0.234323438	0.47696125	0.784012	0.599985352	0.333029623	0.133546447	0.348657578	0.672460042	0.653354136
0.541083333	0.323176496	0.77262619	0.556969346	0.737667411	0.520614867	0.50563802	0.649896214	0.198480465	0.459969997	0.346803474	0.3105967	0.418203235	0.843580357	0.88876688	0.481579492	0.284963672	0.4793335	0.795313	0.641716796	0.30837461	0.153880883	0.371668996	0.788446706	0.638784207
0.52555	0.312529396	0.662637177	0.483709273	0.686631906	0.531511911	0.51567544	0.666751557	0.176880141	0.556256135	0.325193691	0.328940025	0.44869131	0.772170061	0.817886579	0.472852148	0.278354297	0.47156105	0.7847511	0.559659424	0.290097949	0.127415657	0.341483482	0.767783021	0.652050493
0.610616667	0.281882342	0.716593781	0.50877193	0.579591589	0.490824456	0.5777656	0.680502343	0.355305114	0.556547324	0.382583523	0.40300625	0.408301415	0.844030273	0.88563365	0.430691211	0.229330859	0.50348235	0.8387499	0.588988281	0.435179328	0.27413826	0.508954998	0.774787179	0.592712371
0.682383333	0.396294145	0.648124084	0.587815693	0.706030971	0.458998889	0.40400734	0.700645314	0.504688251	0.489414692	0.606991196	0.262439125	0.493993225	0.710200474	0.751721819	0.484759961	0.264743359	0.52980075	0.8522861	0.539083252	0.55442358	0.401034546	0.654359962	0.796713382	0.515997357
0.545516667	0.30488233	0.773620148	0.533834586	0.629928851	0.5212331	0.54402462	0.663867543	0.208704971	0.521636486	0.292100906	0.381262475	0.41254556	0.835151507	0.879351701	0.44439043	0.251898438	0.48136605	0.8069061	0.637906252	0.317973693	0.16135006	0.380316556	0.781442874	0.647978221
0.6661	0.313705893	0.585852356	0.811451706	0.617859234	0.474541133	0.52185764	0.692541629	0.462874325	0.589614391	0.540463161	0.3453015	0.45333183	0.748255023	0.789026786	0.490317578	0.273517578	0.5219389	0.8505099	0.4877771	0.52296991	0.372023201	0.621038149	0.860148485	0.535586429
0.546266667	0.397470586	0.382467346	0.39888182	0.720297503	0.532747722	0.372126	0.719758814	0.228450071	0.71534125	0.464039803	0.210153925	0.6871987	0.517181501	0.565748744	0.503473438	0.295119922	0.48921895	0.7682734	0.33060083	0.328461438	0.162610054	0.381780911	0.742945876	0.621360914
0.8	0.409235281	0.46955719	0.545401966	0.672013114	0.4368455	0.3819405	0.708249157	0.751080356	0.582271735	0.860901833	0.230915725	0.60245967	0.609018834	0.650193779	0.48614082	0.247335547	0.54646025	0.9073995	0.383348144	0.755061453	0.615312768	0.900808827	0.785216031	0.393602629
0.552916667	0.386823542	0.604550629	0.32947754	0.678112443	0.517911456	0.40973892	0.682648971	0.278651458	0.579142094	0.382840729	0.279362375	0.5476529	0.648434013	0.6948012	0.459216406	0.259028906	0.486045	0.7911854	0.511282715	0.366195173	0.174183083	0.39478286	0.724189621	0.627054864
0.66685	0.320235308	0.62009552	0.570464623	0.575297503	0.479066778	0.51983704	0.695002457	0.46047201	0.597877344	0.499493313	0.3667398	0.441310765	0.743682757	0.783939593	0.442574024	0.230753906	0.5216975	0.8566343	0.515184814	0.522434895	0.373380089	0.622568669	0.792278008	0.540914229
0.764483333	0.271882338	0.637711639	0.481781377	0.577330497	0.442271178	0.5919825	0.683366771	0.63739192	0.549927076	0.661351204	0.39448875	0.403464495	0.859021624	0.895976563	0.430172852	0.206532031	0.54235945	0.9067945	0.518378418	0.669471271	0.549777412	0.825322087	0.766657956	0.4485679
0.646133333	0.34082351	0.778857117	0.784461153	0.692455706	0.474937178	0.49371232	0.669902086	0.420064702	0.444478989	0.489865208	0.325481475	0.41029966	0.842327846	0.883453264	0.485816406	0.273843359	0.5158831	0.846868	0.637941408	0.487508953	0.33658886	0.580443619	0.852498336	0.554263114
0.703833333	0.257705857	0.446809616	0.215731637	0.604554617	0.473987144	0.58589448	0.683272257	0.513303496	0.682454587	0.646823692	0.363998	0.471876325	0.744885743	0.785004883	0.435221484	0.216523047	0.53233695	0.8627586	0.367120117	0.568388583	0.439588546	0.69855079	0.691645071	0.494863679
0.632816667	0.402176464	0.697925568	0.406593407	0.653006069	0.477422689	0.4037558	0.710211857	0.40852834	0.511938572	0.469762993	0.302258025	0.487294555	0.697742467	0.74023884	0.441999024	0.233030274	0.51358535	0.8349322	0.579626953	0.476422468	0.313110924	0.553531437	0.745627133	0.567237771
0.505566667	0.415176448	0.473744965	0.703489493	0.637336077	0.538913489	0.35999288	0.733075343	0.148598201	0.708985805	0.323968983	0.26130515	0.67204213	0.51618485	0.564992327	0.509162891	0.309721094	0.46722185	0.756725	0.408654541	0.262366736	0.093423652	0.302910028	0.829346283	0.66646375
0.57955	0.422823514	0.632578125	0.807595913	0.761577846	0.494113311	0.35377492	0.695058657	0.305908319	0.499530792	0.470264339	0.22085745	0.56167847	0.657301757	0.703644113	0.535433984	0.323978516	0.4971583	0.7983618	0.534329102	0.389415068	0.22007637	0.447180097	0.859227357	0.59929315
0.677933333	0.466470606	0.553651886	0.28320802	0.665044991	0.466072311	0.29999604	0.718461143	0.497148723	0.567194939	0.604913902	0.225520025	0.63051617	0.563736747	0.607427456	0.449737109	0.230901953	0.5282719	0.8434289	0.464023438	0.547575373	0.393007279	0.645234329	0.710228139	0.521243421
0.676466667	0.240588244	0.447860336	0.298631193	0.722651717	0.487038244	0.59586754	0.6465592	0.469597224	0.620688756	0.675182152	0.3238349	0.45684552	0.802101283	0.843517579	0.480513476	0.260328711	0.5273808	0.8429848	0.372817139	0.529461757	0.39054203	0.642229803	0.715074778	0.508183193
